L2err comparisons: all runs
Vary:
  deg, Nx/Ny, cfl, gamma
Record:
  iter, L2err

deg     Nx      Ny      cfl     gamma     iter      L2err
=========================================================================
order
1       5       5       0.5     0.01      512       0.14602125972808186

1       5       5       0.1     0.01      2562      0.14602125972988977
2       5       5       0.1     0.01      2097      0.028164045742037895
3       5       5       0.05    0.01      2796      0.01235970467751175
4       5       5       0.05    0.01      4315      0.008429120347559065

1       10      10      0.1     0.01      1988      0.0400266389803064
2       10      10      0.05    0.01      7928      0.007038962544689539
3       10      10      0.02    0.01      
3       10      10      0.01    0.01      
4       10      10      0.01    0.01      

1       20      20      0.1     0.01      2826      0.014292835247148947
2       20      20      0.05    0.01      51413     0.0035009790382831327     (15hrs42min)


refinement
1       5       5       0.1     0.01      2562      0.14602125972988977
1       10      10      0.1     0.01      1988      0.0400266389803064
1       20      20      0.1     0.01      2826      0.014292835247148947
1       30      30      0.1     0.01      2639      0.008145410033997335
1       40      40      0.05    0.01      4485      0.0052504475479433635     (~3 hrs)
1       60      60      0.03    0.01      5726      0.003058750325690864      (~7 hrs)

gamma
1       10      10      0.1     0.0        --Fail--
1       10      10      0.1     0.00001    --Fail--
1       10      10      0.1     0.0001     --Fail--
1       10      10      0.1     0.001      --Fail--
1       10      10      0.1     0.0025    16285     0.04823193501743047
1       10      10      0.1     0.005     4211      0.043909589380472125
1       10      10      0.1     0.01      1988      0.0400266389803064
1       10      10      0.1     0.025     1484      0.036963766040185246
1       10      10      0.1     0.05      1203      0.03510875290822569
1       10      10      0.1     0.075     1102      0.034441811948213524
1       10      10      0.1     0.1       1059      0.03462662788712236
1       10      10      0.1     0.125     991       0.035456445529090316
1       10      10      0.1     0.15      925       0.03678087897396216
1       10      10      0.1     0.175     867       0.03848277433864562
1       10      10      0.1     0.2       822       0.040469846316787274
1       10      10      0.1     0.22      800       0.04221592058150736
1       10      10      0.1     0.225     800       0.042670188829898675
1       10      10      0.1     0.23       --Fails slowly--
1       10      10      0.1     0.24       --Fail--
1       10      10      0.1     0.25       --Fail--
1       10      10      0.1     0.5        --Fail--
1       10      10      0.1     1.0        --Fail--



