0
-.5569671918919576
0
0
-.18822756583083317
-.5979056958118216
.05057685551798349
-.2777533018291233
.3764551316616662
.05057685551798338
-.6737709790887968
.5555066036582463
.4168634804174329
.14001432207029121
-.6232770514320176
.6151341732909742
-.6717514491983058
5947626593608322e-32
.8083930568928558
-.9912536990904959
-.46134618088240326
4637683502994519e-32
.7119221730557774
-.6807739581645965
.4168634804174326
.6232770514320173
-.14001432207029105
.6151341732909738
-13788580304663906e-23
.35714295714285715
9262498704544963e-23
-20788720438247988e-23
