1 1 0.400000000000000e+01 4.898587196589411e-16 0.000000000000000e+00 
1 2 3.988777628126956e+00 2.994211638376517e-01 0.000000000000000e+00 
1 3 3.792165352278842e+00 2.219375484785439e-01 0.000000000000000e+00 
2 1 3.955173483323053e+00 5.971622198516809e-01 0.000000000000000e+00 
2 2 3.898218925815725e+00 8.965986874918418e-01 0.000000000000000e+00 
2 3 3.718390671024739e+00 5.078551010536593e-01 0.000000000000000e+00 
3 1 3.718390671024739e+00 5.078551010536593e-01 0.000000000000000e+00 
3 2 3.988777628126956e+00 2.994211638376517e-01 0.000000000000000e+00 
3 3 3.955173483323053e+00 5.971622198516809e-01 0.000000000000000e+00 
4 1 3.718390671024739e+00 5.078551010536593e-01 0.000000000000000e+00 
4 2 3.792165352278842e+00 2.219375484785439e-01 0.000000000000000e+00 
4 3 3.988777628126956e+00 2.994211638376517e-01 0.000000000000000e+00 
5 1 3.766908117820734e+00 0.000000000000000e+00 0.000000000000000e+00 
5 2 0.400000000000000e+01 4.898587196589411e-16 0.000000000000000e+00 
5 3 3.792165352278842e+00 2.219375484785439e-01 0.000000000000000e+00 
6 1 3.820410183888149e+00 1.185101694726542e+00 0.000000000000000e+00 
6 2 3.721281598635592e+00 1.466991228213765e+00 0.000000000000000e+00 
6 3 3.578977227886584e+00 1.116890056541628e+00 0.000000000000000e+00 
7 1 3.898218925815725e+00 8.965986874918418e-01 0.000000000000000e+00 
7 2 3.820410183888149e+00 1.185101694726542e+00 0.000000000000000e+00 
7 3 3.578977227886584e+00 1.116890056541628e+00 0.000000000000000e+00 
8 1 3.721281598635592e+00 1.466991228213765e+00 0.000000000000000e+00 
8 2 3.602066437354856e+00 1.739286457396164e+00 0.000000000000000e+00 
8 3 3.411836312888734e+00 1.451388016215577e+00 0.000000000000000e+00 
9 1 3.411836312888734e+00 1.451388016215577e+00 0.000000000000000e+00 
9 2 3.578977227886584e+00 1.116890056541628e+00 0.000000000000000e+00 
9 3 3.721281598635592e+00 1.466991228213765e+00 0.000000000000000e+00 
10 1 3.898218925815725e+00 8.965986874918418e-01 0.000000000000000e+00 
10 2 3.578977227886584e+00 1.116890056541628e+00 0.000000000000000e+00 
10 3 3.512169682955268e+00 7.751619287832958e-01 0.000000000000000e+00 
11 1 3.512169682955268e+00 7.751619287832958e-01 0.000000000000000e+00 
11 2 3.718390671024739e+00 5.078551010536593e-01 0.000000000000000e+00 
11 3 3.898218925815725e+00 8.965986874918418e-01 0.000000000000000e+00 
12 1 3.792165352278842e+00 2.219375484785439e-01 0.000000000000000e+00 
12 2 3.718390671024739e+00 5.078551010536593e-01 0.000000000000000e+00 
12 3 3.468056981842029e+00 3.075743869403916e-01 0.000000000000000e+00 
13 1 3.468056981842029e+00 3.075743869403916e-01 0.000000000000000e+00 
13 2 3.718390671024739e+00 5.078551010536593e-01 0.000000000000000e+00 
13 3 3.512169682955268e+00 7.751619287832958e-01 0.000000000000000e+00 
14 1 3.484570898007948e+00 0.000000000000000e+00 0.000000000000000e+00 
14 2 3.468056981842029e+00 3.075743869403916e-01 0.000000000000000e+00 
14 3 3.194026121922909e+00 0.000000000000000e+00 0.000000000000000e+00 
15 1 3.468056981842029e+00 3.075743869403916e-01 0.000000000000000e+00 
15 2 3.766908117820734e+00 0.000000000000000e+00 0.000000000000000e+00 
15 3 3.792165352278842e+00 2.219375484785439e-01 0.000000000000000e+00 
16 1 3.766908117820734e+00 0.000000000000000e+00 0.000000000000000e+00 
16 2 3.468056981842029e+00 3.075743869403916e-01 0.000000000000000e+00 
16 3 3.484570898007948e+00 0.000000000000000e+00 0.000000000000000e+00 
17 1 3.462959551602387e+00 2.001976809047946e+00 0.000000000000000e+00 
17 2 3.303223708586282e+00 2.255817619186775e+00 0.000000000000000e+00 
17 3 3.143932624751122e+00 2.173619723199792e+00 0.000000000000000e+00 
18 1 3.123010715770206e+00 2.499360732104205e+00 0.000000000000000e+00 
18 2 3.143932624751122e+00 2.173619723199792e+00 0.000000000000000e+00 
18 3 3.303223708586282e+00 2.255817619186775e+00 0.000000000000000e+00 
19 1 3.512169682955268e+00 7.751619287832958e-01 0.000000000000000e+00 
19 2 3.578977227886584e+00 1.116890056541628e+00 0.000000000000000e+00 
19 3 3.282122160847330e+00 1.105417713553311e+00 0.000000000000000e+00 
20 1 3.282122160847330e+00 1.105417713553311e+00 0.000000000000000e+00 
20 2 3.578977227886584e+00 1.116890056541628e+00 0.000000000000000e+00 
20 3 3.411836312888734e+00 1.451388016215577e+00 0.000000000000000e+00 
21 1 3.462959551602387e+00 2.001976809047946e+00 0.000000000000000e+00 
21 2 3.143932624751122e+00 2.173619723199792e+00 0.000000000000000e+00 
21 3 3.200244852871804e+00 1.815761130080059e+00 0.000000000000000e+00 
22 1 3.602066437354856e+00 1.739286457396164e+00 0.000000000000000e+00 
22 2 3.200244852871804e+00 1.815761130080059e+00 0.000000000000000e+00 
22 3 3.411836312888734e+00 1.451388016215577e+00 0.000000000000000e+00 
23 1 3.200244852871804e+00 1.815761130080059e+00 0.000000000000000e+00 
23 2 3.602066437354856e+00 1.739286457396164e+00 0.000000000000000e+00 
23 3 3.462959551602387e+00 2.001976809047946e+00 0.000000000000000e+00 
24 1 3.411836312888734e+00 1.451388016215577e+00 0.000000000000000e+00 
24 2 3.079982980091641e+00 1.462908809773215e+00 0.000000000000000e+00 
24 3 3.282122160847330e+00 1.105417713553311e+00 0.000000000000000e+00 
25 1 3.079982980091641e+00 1.462908809773215e+00 0.000000000000000e+00 
25 2 3.411836312888734e+00 1.451388016215577e+00 0.000000000000000e+00 
25 3 3.200244852871804e+00 1.815761130080059e+00 0.000000000000000e+00 
26 1 1.000000000000000e+00 0.000000000000000e+00 0.000000000000000e+00 
26 2 1.114082762738916e+00 0.000000000000000e+00 0.000000000000000e+00 
26 3 1.076021410672634e+00 6.144979116812017e-02 0.000000000000000e+00 
27 1 9.973098672725156e-01 7.330094570247611e-02 0.000000000000000e+00 
27 2 1.000000000000000e+00 0.000000000000000e+00 0.000000000000000e+00 
27 3 1.076021410672634e+00 6.144979116812017e-02 0.000000000000000e+00 
28 1 1.114082762738916e+00 0.000000000000000e+00 0.000000000000000e+00 
28 2 1.255994599060824e+00 0.000000000000000e+00 0.000000000000000e+00 
28 3 1.190498784776136e+00 7.950616980838755e-02 0.000000000000000e+00 
29 1 1.190498784776136e+00 7.950616980838755e-02 0.000000000000000e+00 
29 2 1.076021410672634e+00 6.144979116812017e-02 0.000000000000000e+00 
29 3 1.114082762738916e+00 0.000000000000000e+00 0.000000000000000e+00 
30 1 1.050558063289054e+00 1.250188206783793e-01 0.000000000000000e+00 
30 2 9.973098672725156e-01 7.330094570247611e-02 0.000000000000000e+00 
30 3 1.076021410672634e+00 6.144979116812017e-02 0.000000000000000e+00 
31 1 9.973098672725156e-01 7.330094570247611e-02 0.000000000000000e+00 
31 2 1.050558063289054e+00 1.250188206783793e-01 0.000000000000000e+00 
31 3 9.892539427182453e-01 1.462075128589730e-01 0.000000000000000e+00 
32 1 3.194026121922909e+00 0.000000000000000e+00 0.000000000000000e+00 
32 2 3.468056981842029e+00 3.075743869403916e-01 0.000000000000000e+00 
32 3 2.987899024315931e+00 3.675214884080574e-01 0.000000000000000e+00 
33 1 2.819776122484892e+00 0.000000000000000e+00 0.000000000000000e+00 
33 2 3.194026121922909e+00 0.000000000000000e+00 0.000000000000000e+00 
33 3 2.987899024315931e+00 3.675214884080574e-01 0.000000000000000e+00 
34 1 3.163344833844190e+00 7.089559743208689e-01 0.000000000000000e+00 
34 2 3.512169682955268e+00 7.751619287832958e-01 0.000000000000000e+00 
34 3 3.282122160847330e+00 1.105417713553311e+00 0.000000000000000e+00 
35 1 3.163344833844190e+00 7.089559743208689e-01 0.000000000000000e+00 
35 2 2.987899024315931e+00 3.675214884080574e-01 0.000000000000000e+00 
35 3 3.468056981842029e+00 3.075743869403916e-01 0.000000000000000e+00 
36 1 3.468056981842029e+00 3.075743869403916e-01 0.000000000000000e+00 
36 2 3.512169682955268e+00 7.751619287832958e-01 0.000000000000000e+00 
36 3 3.163344833844190e+00 7.089559743208689e-01 0.000000000000000e+00 
37 1 3.123010715770206e+00 2.499360732104205e+00 0.000000000000000e+00 
37 2 2.924881406586921e+00 2.728565329509653e+00 0.000000000000000e+00 
37 3 2.902228306246176e+00 2.437639168085446e+00 0.000000000000000e+00 
38 1 2.902228306246176e+00 2.437639168085446e+00 0.000000000000000e+00 
38 2 3.143932624751122e+00 2.173619723199792e+00 0.000000000000000e+00 
38 3 3.123010715770206e+00 2.499360732104205e+00 0.000000000000000e+00 
39 1 2.737772286637719e+00 2.661717132862947e+00 0.000000000000000e+00 
39 2 2.902228306246176e+00 2.437639168085446e+00 0.000000000000000e+00 
39 3 2.924881406586921e+00 2.728565329509653e+00 0.000000000000000e+00 
40 1 2.924881406586921e+00 2.728565329509653e+00 0.000000000000000e+00 
40 2 2.712888686039909e+00 2.939427661494097e+00 0.000000000000000e+00 
40 3 2.737772286637719e+00 2.661717132862947e+00 0.000000000000000e+00 
41 1 3.143932624751122e+00 2.173619723199792e+00 0.000000000000000e+00 
41 2 2.902228306246176e+00 2.437639168085446e+00 0.000000000000000e+00 
41 3 2.863289161334896e+00 2.104735809599088e+00 0.000000000000000e+00 
42 1 3.200244852871804e+00 1.815761130080059e+00 0.000000000000000e+00 
42 2 3.143932624751122e+00 2.173619723199792e+00 0.000000000000000e+00 
42 3 2.863289161334896e+00 2.104735809599088e+00 0.000000000000000e+00 
43 1 2.946421927417564e+00 1.117201495685280e+00 0.000000000000000e+00 
43 2 3.282122160847330e+00 1.105417713553311e+00 0.000000000000000e+00 
43 3 3.079982980091641e+00 1.462908809773215e+00 0.000000000000000e+00 
44 1 3.163344833844190e+00 7.089559743208689e-01 0.000000000000000e+00 
44 2 3.282122160847330e+00 1.105417713553311e+00 0.000000000000000e+00 
44 3 2.946421927417564e+00 1.117201495685280e+00 0.000000000000000e+00 
45 1 2.863289161334896e+00 2.104735809599088e+00 0.000000000000000e+00 
45 2 2.837646902078989e+00 1.776412285328629e+00 0.000000000000000e+00 
45 3 3.200244852871804e+00 1.815761130080059e+00 0.000000000000000e+00 
46 1 2.837646902078989e+00 1.776412285328629e+00 0.000000000000000e+00 
46 2 3.079982980091641e+00 1.462908809773215e+00 0.000000000000000e+00 
46 3 3.200244852871804e+00 1.815761130080059e+00 0.000000000000000e+00 
47 1 2.946421927417564e+00 1.117201495685280e+00 0.000000000000000e+00 
47 2 3.079982980091641e+00 1.462908809773215e+00 0.000000000000000e+00 
47 3 2.787593077602953e+00 1.468970971456666e+00 0.000000000000000e+00 
48 1 3.079982980091641e+00 1.462908809773215e+00 0.000000000000000e+00 
48 2 2.837646902078989e+00 1.776412285328629e+00 0.000000000000000e+00 
48 3 2.787593077602953e+00 1.468970971456666e+00 0.000000000000000e+00 
49 1 2.445526123046875e+00 0.000000000000000e+00 0.000000000000000e+00 
49 2 2.819776122484892e+00 0.000000000000000e+00 0.000000000000000e+00 
49 3 2.571401620004804e+00 3.561497951354808e-01 0.000000000000000e+00 
50 1 2.819776122484892e+00 0.000000000000000e+00 0.000000000000000e+00 
50 2 2.987899024315931e+00 3.675214884080574e-01 0.000000000000000e+00 
50 3 2.571401620004804e+00 3.561497951354808e-01 0.000000000000000e+00 
51 1 1.141047997179529e+00 1.321117754352583e-01 0.000000000000000e+00 
51 2 1.076021410672634e+00 6.144979116812017e-02 0.000000000000000e+00 
51 3 1.190498784776136e+00 7.950616980838755e-02 0.000000000000000e+00 
52 1 1.076021410672634e+00 6.144979116812017e-02 0.000000000000000e+00 
52 2 1.141047997179529e+00 1.321117754352583e-01 0.000000000000000e+00 
52 3 1.050558063289054e+00 1.250188206783793e-01 0.000000000000000e+00 
53 1 1.255994599060824e+00 0.000000000000000e+00 0.000000000000000e+00 
53 2 1.455759713563967e+00 0.000000000000000e+00 0.000000000000000e+00 
53 3 1.333023565909735e+00 1.100077270778202e-01 0.000000000000000e+00 
54 1 1.255994599060824e+00 0.000000000000000e+00 0.000000000000000e+00 
54 2 1.333023565909735e+00 1.100077270778202e-01 0.000000000000000e+00 
54 3 1.190498784776136e+00 7.950616980838755e-02 0.000000000000000e+00 
55 1 1.141047997179529e+00 1.321117754352583e-01 0.000000000000000e+00 
55 2 1.190498784776136e+00 7.950616980838755e-02 0.000000000000000e+00 
55 3 1.241966579540186e+00 1.771831298015668e-01 0.000000000000000e+00 
56 1 1.241966579540186e+00 1.771831298015668e-01 0.000000000000000e+00 
56 2 1.190498784776136e+00 7.950616980838755e-02 0.000000000000000e+00 
56 3 1.333023565909735e+00 1.100077270778202e-01 0.000000000000000e+00 
57 1 2.078757929099776e+00 0.000000000000000e+00 0.000000000000000e+00 
57 2 2.445526123046875e+00 0.000000000000000e+00 0.000000000000000e+00 
57 3 2.200053109718821e+00 2.977970556704055e-01 0.000000000000000e+00 
58 1 2.571401620004804e+00 3.561497951354808e-01 0.000000000000000e+00 
58 2 2.200053109718821e+00 2.977970556704055e-01 0.000000000000000e+00 
58 3 2.445526123046875e+00 0.000000000000000e+00 0.000000000000000e+00 
59 1 2.078757929099776e+00 0.000000000000000e+00 0.000000000000000e+00 
59 2 1.843713395351287e+00 2.219641217006366e-01 0.000000000000000e+00 
59 3 1.731045437702601e+00 0.000000000000000e+00 0.000000000000000e+00 
60 1 2.200053109718821e+00 2.977970556704055e-01 0.000000000000000e+00 
60 2 1.843713395351287e+00 2.219641217006366e-01 0.000000000000000e+00 
60 3 2.078757929099776e+00 0.000000000000000e+00 0.000000000000000e+00 
61 1 1.541117334069650e+00 1.648006085434452e-01 0.000000000000000e+00 
61 2 1.333023565909735e+00 1.100077270778202e-01 0.000000000000000e+00 
61 3 1.455759713563967e+00 0.000000000000000e+00 0.000000000000000e+00 
62 1 1.731045437702601e+00 0.000000000000000e+00 0.000000000000000e+00 
62 2 1.843713395351287e+00 2.219641217006366e-01 0.000000000000000e+00 
62 3 1.541117334069650e+00 1.648006085434452e-01 0.000000000000000e+00 
63 1 1.455759713563967e+00 0.000000000000000e+00 0.000000000000000e+00 
63 2 1.731045437702601e+00 0.000000000000000e+00 0.000000000000000e+00 
63 3 1.541117334069650e+00 1.648006085434452e-01 0.000000000000000e+00 
64 1 9.569910392925779e-01 2.901174774357994e-01 0.000000000000000e+00 
64 2 9.758470269722659e-01 2.184549838053364e-01 0.000000000000000e+00 
64 3 1.049733977016380e+00 2.178603090581856e-01 0.000000000000000e+00 
65 1 9.758470269722659e-01 2.184549838053364e-01 0.000000000000000e+00 
65 2 9.892539427182453e-01 1.462075128589730e-01 0.000000000000000e+00 
65 3 1.049733977016380e+00 2.178603090581856e-01 0.000000000000000e+00 
66 1 1.050558063289054e+00 1.250188206783793e-01 0.000000000000000e+00 
66 2 1.049733977016380e+00 2.178603090581856e-01 0.000000000000000e+00 
66 3 9.892539427182453e-01 1.462075128589730e-01 0.000000000000000e+00 
67 1 1.141047997179529e+00 1.321117754352583e-01 0.000000000000000e+00 
67 2 1.049733977016380e+00 2.178603090581856e-01 0.000000000000000e+00 
67 3 1.050558063289054e+00 1.250188206783793e-01 0.000000000000000e+00 
68 1 2.571401620004804e+00 3.561497951354808e-01 0.000000000000000e+00 
68 2 2.987899024315931e+00 3.675214884080574e-01 0.000000000000000e+00 
68 3 2.689628209129147e+00 8.001750359352255e-01 0.000000000000000e+00 
69 1 2.946421927417564e+00 1.117201495685280e+00 0.000000000000000e+00 
69 2 2.689628209129147e+00 8.001750359352255e-01 0.000000000000000e+00 
69 3 3.163344833844190e+00 7.089559743208689e-01 0.000000000000000e+00 
70 1 2.689628209129147e+00 8.001750359352255e-01 0.000000000000000e+00 
70 2 2.987899024315931e+00 3.675214884080574e-01 0.000000000000000e+00 
70 3 3.163344833844190e+00 7.089559743208689e-01 0.000000000000000e+00 
71 1 2.712888686039909e+00 2.939427661494097e+00 0.000000000000000e+00 
71 2 2.485737049440338e+00 3.133865236579206e+00 0.000000000000000e+00 
71 3 2.512950245205656e+00 2.770087226125460e+00 0.000000000000000e+00 
72 1 2.512950245205656e+00 2.770087226125460e+00 0.000000000000000e+00 
72 2 2.737772286637719e+00 2.661717132862947e+00 0.000000000000000e+00 
72 3 2.712888686039909e+00 2.939427661494097e+00 0.000000000000000e+00 
73 1 2.902228306246176e+00 2.437639168085446e+00 0.000000000000000e+00 
73 2 2.737772286637719e+00 2.661717132862947e+00 0.000000000000000e+00 
73 3 2.635912789109933e+00 2.432866279100078e+00 0.000000000000000e+00 
74 1 2.737772286637719e+00 2.661717132862947e+00 0.000000000000000e+00 
74 2 2.512950245205656e+00 2.770087226125460e+00 0.000000000000000e+00 
74 3 2.635912789109933e+00 2.432866279100078e+00 0.000000000000000e+00 
75 1 2.635912789109933e+00 2.432866279100078e+00 0.000000000000000e+00 
75 2 2.863289161334896e+00 2.104735809599088e+00 0.000000000000000e+00 
75 3 2.902228306246176e+00 2.437639168085446e+00 0.000000000000000e+00 
76 1 2.863289161334896e+00 2.104735809599088e+00 0.000000000000000e+00 
76 2 2.635912789109933e+00 2.432866279100078e+00 0.000000000000000e+00 
76 3 2.559537461202201e+00 2.104390084398786e+00 0.000000000000000e+00 
77 1 2.837646902078989e+00 1.776412285328629e+00 0.000000000000000e+00 
77 2 2.863289161334896e+00 2.104735809599088e+00 0.000000000000000e+00 
77 3 2.559537461202201e+00 2.104390084398786e+00 0.000000000000000e+00 
78 1 2.585235726648811e+00 1.293882641895214e+00 0.000000000000000e+00 
78 2 2.689628209129147e+00 8.001750359352255e-01 0.000000000000000e+00 
78 3 2.946421927417564e+00 1.117201495685280e+00 0.000000000000000e+00 
79 1 2.787593077602953e+00 1.468970971456666e+00 0.000000000000000e+00 
79 2 2.585235726648811e+00 1.293882641895214e+00 0.000000000000000e+00 
79 3 2.946421927417564e+00 1.117201495685280e+00 0.000000000000000e+00 
80 1 2.559537461202201e+00 2.104390084398786e+00 0.000000000000000e+00 
80 2 2.534433023267404e+00 1.703997355982793e+00 0.000000000000000e+00 
80 3 2.837646902078989e+00 1.776412285328629e+00 0.000000000000000e+00 
81 1 2.787593077602953e+00 1.468970971456666e+00 0.000000000000000e+00 
81 2 2.837646902078989e+00 1.776412285328629e+00 0.000000000000000e+00 
81 3 2.534433023267404e+00 1.703997355982793e+00 0.000000000000000e+00 
82 1 2.787593077602953e+00 1.468970971456666e+00 0.000000000000000e+00 
82 2 2.534433023267404e+00 1.703997355982793e+00 0.000000000000000e+00 
82 3 2.585235726648811e+00 1.293882641895214e+00 0.000000000000000e+00 
83 1 2.485737049440338e+00 3.133865236579206e+00 0.000000000000000e+00 
83 2 2.245560478407339e+00 3.310205150412131e+00 0.000000000000000e+00 
83 3 2.243335231522497e+00 2.924906093493191e+00 0.000000000000000e+00 
84 1 2.485737049440338e+00 3.133865236579206e+00 0.000000000000000e+00 
84 2 2.243335231522497e+00 2.924906093493191e+00 0.000000000000000e+00 
84 3 2.512950245205656e+00 2.770087226125460e+00 0.000000000000000e+00 
85 1 2.571401620004804e+00 3.561497951354808e-01 0.000000000000000e+00 
85 2 2.285527131333157e+00 6.714051907991965e-01 0.000000000000000e+00 
85 3 2.200053109718821e+00 2.977970556704055e-01 0.000000000000000e+00 
86 1 2.689628209129147e+00 8.001750359352255e-01 0.000000000000000e+00 
86 2 2.285527131333157e+00 6.714051907991965e-01 0.000000000000000e+00 
86 3 2.571401620004804e+00 3.561497951354808e-01 0.000000000000000e+00 
87 1 1.440747672894794e+00 3.731520620745413e+00 0.000000000000000e+00 
87 2 1.161576024563298e+00 3.827628657427432e+00 0.000000000000000e+00 
87 3 1.154047298245317e+00 3.579840727471194e+00 0.000000000000000e+00 
88 1 1.178415388684696e+00 2.649334812075507e-01 0.000000000000000e+00 
88 2 1.049733977016380e+00 2.178603090581856e-01 0.000000000000000e+00 
88 3 1.141047997179529e+00 1.321117754352583e-01 0.000000000000000e+00 
89 1 1.241966579540186e+00 1.771831298015668e-01 0.000000000000000e+00 
89 2 1.178415388684696e+00 2.649334812075507e-01 0.000000000000000e+00 
89 3 1.141047997179529e+00 1.321117754352583e-01 0.000000000000000e+00 
90 1 1.333023565909735e+00 1.100077270778202e-01 0.000000000000000e+00 
90 2 1.541117334069650e+00 1.648006085434452e-01 0.000000000000000e+00 
90 3 1.366847161150835e+00 2.993564954788170e-01 0.000000000000000e+00 
91 1 1.333023565909735e+00 1.100077270778202e-01 0.000000000000000e+00 
91 2 1.366847161150835e+00 2.993564954788170e-01 0.000000000000000e+00 
91 3 1.241966579540186e+00 1.771831298015668e-01 0.000000000000000e+00 
92 1 1.366847161150835e+00 2.993564954788170e-01 0.000000000000000e+00 
92 2 1.178415388684696e+00 2.649334812075507e-01 0.000000000000000e+00 
92 3 1.241966579540186e+00 1.771831298015668e-01 0.000000000000000e+00 
93 1 1.843713395351287e+00 2.219641217006366e-01 0.000000000000000e+00 
93 2 2.200053109718821e+00 2.977970556704055e-01 0.000000000000000e+00 
93 3 1.943978806958204e+00 5.452170264303984e-01 0.000000000000000e+00 
94 1 2.285527131333157e+00 6.714051907991965e-01 0.000000000000000e+00 
94 2 1.943978806958204e+00 5.452170264303984e-01 0.000000000000000e+00 
94 3 2.200053109718821e+00 2.977970556704055e-01 0.000000000000000e+00 
95 1 1.631815697759239e+00 4.202052542406416e-01 0.000000000000000e+00 
95 2 1.541117334069650e+00 1.648006085434452e-01 0.000000000000000e+00 
95 3 1.843713395351287e+00 2.219641217006366e-01 0.000000000000000e+00 
96 1 1.631815697759239e+00 4.202052542406416e-01 0.000000000000000e+00 
96 2 1.843713395351287e+00 2.219641217006366e-01 0.000000000000000e+00 
96 3 1.943978806958204e+00 5.452170264303984e-01 0.000000000000000e+00 
97 1 1.541117334069650e+00 1.648006085434452e-01 0.000000000000000e+00 
97 2 1.631815697759239e+00 4.202052542406416e-01 0.000000000000000e+00 
97 3 1.366847161150835e+00 2.993564954788170e-01 0.000000000000000e+00 
98 1 9.328801551863534e-01 3.601869182236985e-01 0.000000000000000e+00 
98 2 9.569910392925779e-01 2.901174774357994e-01 0.000000000000000e+00 
98 3 1.056123923698202e+00 3.491037114331498e-01 0.000000000000000e+00 
99 1 1.056123923698202e+00 3.491037114331498e-01 0.000000000000000e+00 
99 2 1.049733977016380e+00 2.178603090581856e-01 0.000000000000000e+00 
99 3 1.178415388684696e+00 2.649334812075507e-01 0.000000000000000e+00 
100 1 1.049733977016380e+00 2.178603090581856e-01 0.000000000000000e+00 
100 2 1.056123923698202e+00 3.491037114331498e-01 0.000000000000000e+00 
100 3 9.569910392925779e-01 2.901174774357994e-01 0.000000000000000e+00 
101 1 9.026051769772918e-01 4.304693885676328e-01 0.000000000000000e+00 
101 2 9.328801551863534e-01 3.601869182236985e-01 0.000000000000000e+00 
101 3 9.713177612514263e-01 4.240070334375663e-01 0.000000000000000e+00 
102 1 9.328801551863534e-01 3.601869182236985e-01 0.000000000000000e+00 
102 2 1.056123923698202e+00 3.491037114331498e-01 0.000000000000000e+00 
102 3 9.713177612514263e-01 4.240070334375663e-01 0.000000000000000e+00 
103 1 1.971233083055226e+00 3.093839548185980e+00 0.000000000000000e+00 
103 2 2.243335231522497e+00 2.924906093493191e+00 0.000000000000000e+00 
103 3 2.245560478407339e+00 3.310205150412131e+00 0.000000000000000e+00 
104 1 2.245560478407339e+00 3.310205150412131e+00 0.000000000000000e+00 
104 2 1.992923776410740e+00 3.468177449528319e+00 0.000000000000000e+00 
104 3 1.971233083055226e+00 3.093839548185980e+00 0.000000000000000e+00 
105 1 2.689628209129147e+00 8.001750359352255e-01 0.000000000000000e+00 
105 2 2.585235726648811e+00 1.293882641895214e+00 0.000000000000000e+00 
105 3 2.300764056107513e+00 1.109314207491817e+00 0.000000000000000e+00 
106 1 2.300764056107513e+00 1.109314207491817e+00 0.000000000000000e+00 
106 2 2.285527131333157e+00 6.714051907991965e-01 0.000000000000000e+00 
106 3 2.689628209129147e+00 8.001750359352255e-01 0.000000000000000e+00 
107 1 2.314508706786672e+00 2.467044025047346e+00 0.000000000000000e+00 
107 2 2.635912789109933e+00 2.432866279100078e+00 0.000000000000000e+00 
107 3 2.512950245205656e+00 2.770087226125460e+00 0.000000000000000e+00 
108 1 2.559537461202201e+00 2.104390084398786e+00 0.000000000000000e+00 
108 2 2.635912789109933e+00 2.432866279100078e+00 0.000000000000000e+00 
108 3 2.314508706786672e+00 2.467044025047346e+00 0.000000000000000e+00 
109 1 2.243335231522497e+00 2.924906093493191e+00 0.000000000000000e+00 
109 2 2.314508706786672e+00 2.467044025047346e+00 0.000000000000000e+00 
109 3 2.512950245205656e+00 2.770087226125460e+00 0.000000000000000e+00 
110 1 2.559537461202201e+00 2.104390084398786e+00 0.000000000000000e+00 
110 2 2.286424379907245e+00 2.013448908158070e+00 0.000000000000000e+00 
110 3 2.534433023267404e+00 1.703997355982793e+00 0.000000000000000e+00 
111 1 2.314508706786672e+00 2.467044025047346e+00 0.000000000000000e+00 
111 2 2.286424379907245e+00 2.013448908158070e+00 0.000000000000000e+00 
111 3 2.559537461202201e+00 2.104390084398786e+00 0.000000000000000e+00 
112 1 2.585235726648811e+00 1.293882641895214e+00 0.000000000000000e+00 
112 2 2.534433023267404e+00 1.703997355982793e+00 0.000000000000000e+00 
112 3 2.280553267935932e+00 1.557926485307163e+00 0.000000000000000e+00 
113 1 2.280553267935932e+00 1.557926485307163e+00 0.000000000000000e+00 
113 2 2.300764056107513e+00 1.109314207491817e+00 0.000000000000000e+00 
113 3 2.585235726648811e+00 1.293882641895214e+00 0.000000000000000e+00 
114 1 2.280553267935932e+00 1.557926485307163e+00 0.000000000000000e+00 
114 2 2.534433023267404e+00 1.703997355982793e+00 0.000000000000000e+00 
114 3 2.286424379907245e+00 2.013448908158070e+00 0.000000000000000e+00 
115 1 2.314508706786672e+00 2.467044025047346e+00 0.000000000000000e+00 
115 2 2.243335231522497e+00 2.924906093493191e+00 0.000000000000000e+00 
115 3 1.982780198404496e+00 2.721086671877799e+00 0.000000000000000e+00 
116 1 1.971233083055226e+00 3.093839548185980e+00 0.000000000000000e+00 
116 2 1.982780198404496e+00 2.721086671877799e+00 0.000000000000000e+00 
116 3 2.243335231522497e+00 2.924906093493191e+00 0.000000000000000e+00 
117 1 1.943978806958204e+00 5.452170264303984e-01 0.000000000000000e+00 
117 2 2.285527131333157e+00 6.714051907991965e-01 0.000000000000000e+00 
117 3 1.998525527156876e+00 9.341226599098685e-01 0.000000000000000e+00 
118 1 2.285527131333157e+00 6.714051907991965e-01 0.000000000000000e+00 
118 2 2.300764056107513e+00 1.109314207491817e+00 0.000000000000000e+00 
118 3 1.998525527156876e+00 9.341226599098685e-01 0.000000000000000e+00 
119 1 1.161576024563298e+00 3.827628657427432e+00 0.000000000000000e+00 
119 2 8.803162850373045e-01 3.623053004292476e+00 0.000000000000000e+00 
119 3 1.154047298245317e+00 3.579840727471194e+00 0.000000000000000e+00 
120 1 8.803162850373045e-01 3.623053004292476e+00 0.000000000000000e+00 
120 2 1.161576024563298e+00 3.827628657427432e+00 0.000000000000000e+00 
120 3 8.760757061157670e-01 3.902882442138600e+00 0.000000000000000e+00 
121 1 5.879057363119157e-01 3.675712580872169e+00 0.000000000000000e+00 
121 2 8.803162850373045e-01 3.623053004292476e+00 0.000000000000000e+00 
121 3 8.760757061157670e-01 3.902882442138600e+00 0.000000000000000e+00 
122 1 8.760757061157670e-01 3.902882442138600e+00 0.000000000000000e+00 
122 2 5.860809386884379e-01 3.956830693030229e+00 0.000000000000000e+00 
122 3 5.879057363119157e-01 3.675712580872169e+00 0.000000000000000e+00 
123 1 2.931328986042986e-01 3.989244678351510e+00 0.000000000000000e+00 
123 2 -3.673940397442060e-16 0.400000000000000e+01 0.000000000000000e+00 
123 3 2.746574006222470e-01 3.738930900332496e+00 0.000000000000000e+00 
124 1 5.860809386884379e-01 3.956830693030229e+00 0.000000000000000e+00 
124 2 2.746574006222470e-01 3.738930900332496e+00 0.000000000000000e+00 
124 3 5.879057363119157e-01 3.675712580872169e+00 0.000000000000000e+00 
125 1 2.746574006222470e-01 3.738930900332496e+00 0.000000000000000e+00 
125 2 5.860809386884379e-01 3.956830693030229e+00 0.000000000000000e+00 
125 3 2.931328986042986e-01 3.989244678351510e+00 0.000000000000000e+00 
126 1 9.525824570504823e-01 3.352788006116789e+00 0.000000000000000e+00 
126 2 1.154047298245317e+00 3.579840727471194e+00 0.000000000000000e+00 
126 3 8.803162850373045e-01 3.623053004292476e+00 0.000000000000000e+00 
127 1 1.154047298245317e+00 3.579840727471194e+00 0.000000000000000e+00 
127 2 9.525824570504823e-01 3.352788006116789e+00 0.000000000000000e+00 
127 3 1.332782481086843e+00 3.360725785129071e+00 0.000000000000000e+00 
128 1 1.440747672894794e+00 3.731520620745413e+00 0.000000000000000e+00 
128 2 1.154047298245317e+00 3.579840727471194e+00 0.000000000000000e+00 
128 3 1.332782481086843e+00 3.360725785129071e+00 0.000000000000000e+00 
129 1 1.332782481086843e+00 3.360725785129071e+00 0.000000000000000e+00 
129 2 1.721877554270530e+00 3.610420707909168e+00 0.000000000000000e+00 
129 3 1.440747672894794e+00 3.731520620745413e+00 0.000000000000000e+00 
130 1 1.992923776410740e+00 3.468177449528319e+00 0.000000000000000e+00 
130 2 1.721877554270530e+00 3.610420707909168e+00 0.000000000000000e+00 
130 3 1.678769458236190e+00 3.235444945122478e+00 0.000000000000000e+00 
131 1 1.678769458236190e+00 3.235444945122478e+00 0.000000000000000e+00 
131 2 1.971233083055226e+00 3.093839548185980e+00 0.000000000000000e+00 
131 3 1.992923776410740e+00 3.468177449528319e+00 0.000000000000000e+00 
132 1 1.721877554270530e+00 3.610420707909168e+00 0.000000000000000e+00 
132 2 1.332782481086843e+00 3.360725785129071e+00 0.000000000000000e+00 
132 3 1.678769458236190e+00 3.235444945122478e+00 0.000000000000000e+00 
133 1 1.056123923698202e+00 3.491037114331498e-01 0.000000000000000e+00 
133 2 1.178415388684696e+00 2.649334812075507e-01 0.000000000000000e+00 
133 3 1.220562187912289e+00 4.225431189836480e-01 0.000000000000000e+00 
134 1 1.178415388684696e+00 2.649334812075507e-01 0.000000000000000e+00 
134 2 1.366847161150835e+00 2.993564954788170e-01 0.000000000000000e+00 
134 3 1.220562187912289e+00 4.225431189836480e-01 0.000000000000000e+00 
135 1 1.366847161150835e+00 2.993564954788170e-01 0.000000000000000e+00 
135 2 1.423568113798747e+00 5.395375531294867e-01 0.000000000000000e+00 
135 3 1.220562187912289e+00 4.225431189836480e-01 0.000000000000000e+00 
136 1 1.366847161150835e+00 2.993564954788170e-01 0.000000000000000e+00 
136 2 1.631815697759239e+00 4.202052542406416e-01 0.000000000000000e+00 
136 3 1.423568113798747e+00 5.395375531294867e-01 0.000000000000000e+00 
137 1 1.674920129997263e+00 7.551979684739469e-01 0.000000000000000e+00 
137 2 1.943978806958204e+00 5.452170264303984e-01 0.000000000000000e+00 
137 3 1.998525527156876e+00 9.341226599098685e-01 0.000000000000000e+00 
138 1 1.674920129997263e+00 7.551979684739469e-01 0.000000000000000e+00 
138 2 1.423568113798747e+00 5.395375531294867e-01 0.000000000000000e+00 
138 3 1.631815697759239e+00 4.202052542406416e-01 0.000000000000000e+00 
139 1 1.943978806958204e+00 5.452170264303984e-01 0.000000000000000e+00 
139 2 1.674920129997263e+00 7.551979684739469e-01 0.000000000000000e+00 
139 3 1.631815697759239e+00 4.202052542406416e-01 0.000000000000000e+00 
140 1 8.672312078691822e-01 4.979056457781527e-01 0.000000000000000e+00 
140 2 9.026051769772918e-01 4.304693885676328e-01 0.000000000000000e+00 
140 3 9.623364090322012e-01 5.031553797281132e-01 0.000000000000000e+00 
141 1 9.713177612514263e-01 4.240070334375663e-01 0.000000000000000e+00 
141 2 9.623364090322012e-01 5.031553797281132e-01 0.000000000000000e+00 
141 3 9.026051769772918e-01 4.304693885676328e-01 0.000000000000000e+00 
142 1 1.220562187912289e+00 4.225431189836480e-01 0.000000000000000e+00 
142 2 1.078463551143620e+00 4.861034970681040e-01 0.000000000000000e+00 
142 3 1.056123923698202e+00 3.491037114331498e-01 0.000000000000000e+00 
143 1 1.078463551143620e+00 4.861034970681040e-01 0.000000000000000e+00 
143 2 9.623364090322012e-01 5.031553797281132e-01 0.000000000000000e+00 
143 3 9.713177612514263e-01 4.240070334375663e-01 0.000000000000000e+00 
144 1 9.713177612514263e-01 4.240070334375663e-01 0.000000000000000e+00 
144 2 1.056123923698202e+00 3.491037114331498e-01 0.000000000000000e+00 
144 3 1.078463551143620e+00 4.861034970681040e-01 0.000000000000000e+00 
145 1 8.268281940588091e-01 5.624545648400840e-01 0.000000000000000e+00 
145 2 8.672312078691822e-01 4.979056457781527e-01 0.000000000000000e+00 
145 3 9.169696621846029e-01 5.639481265828759e-01 0.000000000000000e+00 
146 1 8.672312078691822e-01 4.979056457781527e-01 0.000000000000000e+00 
146 2 9.623364090322012e-01 5.031553797281132e-01 0.000000000000000e+00 
146 3 9.169696621846029e-01 5.639481265828759e-01 0.000000000000000e+00 
147 1 1.971233083055226e+00 3.093839548185980e+00 0.000000000000000e+00 
147 2 1.678769458236190e+00 3.235444945122478e+00 0.000000000000000e+00 
147 3 1.685164446680748e+00 2.897082798238884e+00 0.000000000000000e+00 
148 1 1.685164446680748e+00 2.897082798238884e+00 0.000000000000000e+00 
148 2 1.982780198404496e+00 2.721086671877799e+00 0.000000000000000e+00 
148 3 1.971233083055226e+00 3.093839548185980e+00 0.000000000000000e+00 
149 1 1.997760251139370e+00 1.378976552817129e+00 0.000000000000000e+00 
149 2 2.300764056107513e+00 1.109314207491817e+00 0.000000000000000e+00 
149 3 2.280553267935932e+00 1.557926485307163e+00 0.000000000000000e+00 
150 1 1.997760251139370e+00 1.378976552817129e+00 0.000000000000000e+00 
150 2 1.998525527156876e+00 9.341226599098685e-01 0.000000000000000e+00 
150 3 2.300764056107513e+00 1.109314207491817e+00 0.000000000000000e+00 
151 1 1.980620642154676e+00 2.302522912178037e+00 0.000000000000000e+00 
151 2 2.286424379907245e+00 2.013448908158070e+00 0.000000000000000e+00 
151 3 2.314508706786672e+00 2.467044025047346e+00 0.000000000000000e+00 
152 1 1.982780198404496e+00 2.721086671877799e+00 0.000000000000000e+00 
152 2 1.980620642154676e+00 2.302522912178037e+00 0.000000000000000e+00 
152 3 2.314508706786672e+00 2.467044025047346e+00 0.000000000000000e+00 
153 1 2.286424379907245e+00 2.013448908158070e+00 0.000000000000000e+00 
153 2 1.980620642154676e+00 2.302522912178037e+00 0.000000000000000e+00 
153 3 1.978702170545251e+00 1.847939245497953e+00 0.000000000000000e+00 
154 1 1.978702170545251e+00 1.847939245497953e+00 0.000000000000000e+00 
154 2 1.997760251139370e+00 1.378976552817129e+00 0.000000000000000e+00 
154 3 2.280553267935932e+00 1.557926485307163e+00 0.000000000000000e+00 
155 1 2.280553267935932e+00 1.557926485307163e+00 0.000000000000000e+00 
155 2 2.286424379907245e+00 2.013448908158070e+00 0.000000000000000e+00 
155 3 1.978702170545251e+00 1.847939245497953e+00 0.000000000000000e+00 
156 1 1.731862561680337e+00 2.572584493408756e+00 0.000000000000000e+00 
156 2 1.980620642154676e+00 2.302522912178037e+00 0.000000000000000e+00 
156 3 1.982780198404496e+00 2.721086671877799e+00 0.000000000000000e+00 
157 1 1.982780198404496e+00 2.721086671877799e+00 0.000000000000000e+00 
157 2 1.685164446680748e+00 2.897082798238884e+00 0.000000000000000e+00 
157 3 1.731862561680337e+00 2.572584493408756e+00 0.000000000000000e+00 
158 1 1.741360829817529e+00 1.176942170811148e+00 0.000000000000000e+00 
158 2 1.674920129997263e+00 7.551979684739469e-01 0.000000000000000e+00 
158 3 1.998525527156876e+00 9.341226599098685e-01 0.000000000000000e+00 
159 1 1.998525527156876e+00 9.341226599098685e-01 0.000000000000000e+00 
159 2 1.997760251139370e+00 1.378976552817129e+00 0.000000000000000e+00 
159 3 1.741360829817529e+00 1.176942170811148e+00 0.000000000000000e+00 
160 1 -3.673940397442060e-16 0.400000000000000e+01 0.000000000000000e+00 
160 2 -3.207522182923049e-16 3.619140625000000e+00 0.000000000000000e+00 
160 3 2.746574006222470e-01 3.738930900332496e+00 0.000000000000000e+00 
161 1 6.054286464560479e-01 3.380250789480665e+00 0.000000000000000e+00 
161 2 8.803162850373045e-01 3.623053004292476e+00 0.000000000000000e+00 
161 3 5.879057363119157e-01 3.675712580872169e+00 0.000000000000000e+00 
162 1 9.525824570504823e-01 3.352788006116789e+00 0.000000000000000e+00 
162 2 8.803162850373045e-01 3.623053004292476e+00 0.000000000000000e+00 
162 3 6.054286464560479e-01 3.380250789480665e+00 0.000000000000000e+00 
163 1 6.054286464560479e-01 3.380250789480665e+00 0.000000000000000e+00 
163 2 5.879057363119157e-01 3.675712580872169e+00 0.000000000000000e+00 
163 3 3.057236846135870e-01 3.453260695208245e+00 0.000000000000000e+00 
164 1 3.057236846135870e-01 3.453260695208245e+00 0.000000000000000e+00 
164 2 2.746574006222470e-01 3.738930900332496e+00 0.000000000000000e+00 
164 3 -3.207522182923049e-16 0.361914062500000e+01 0.000000000000000e+00 
165 1 3.057236846135870e-01 3.453260695208245e+00 0.000000000000000e+00 
165 2 5.879057363119157e-01 3.675712580872169e+00 0.000000000000000e+00 
165 3 2.746574006222470e-01 3.738930900332496e+00 0.000000000000000e+00 
166 1 6.054286464560479e-01 3.380250789480665e+00 0.000000000000000e+00 
166 2 7.282075101324892e-01 3.130273333067638e+00 0.000000000000000e+00 
166 3 9.525824570504823e-01 3.352788006116789e+00 0.000000000000000e+00 
167 1 1.026953968004404e+00 3.053198057462127e+00 0.000000000000000e+00 
167 2 9.525824570504823e-01 3.352788006116789e+00 0.000000000000000e+00 
167 3 7.282075101324892e-01 3.130273333067638e+00 0.000000000000000e+00 
168 1 1.026953968004404e+00 3.053198057462127e+00 0.000000000000000e+00 
168 2 1.332782481086843e+00 3.360725785129071e+00 0.000000000000000e+00 
168 3 9.525824570504823e-01 3.352788006116789e+00 0.000000000000000e+00 
169 1 1.332782481086843e+00 3.360725785129071e+00 0.000000000000000e+00 
169 2 1.026953968004404e+00 3.053198057462127e+00 0.000000000000000e+00 
169 3 1.367687906739375e+00 2.977452236511108e+00 0.000000000000000e+00 
170 1 1.678769458236190e+00 3.235444945122478e+00 0.000000000000000e+00 
170 2 1.332782481086843e+00 3.360725785129071e+00 0.000000000000000e+00 
170 3 1.367687906739375e+00 2.977452236511108e+00 0.000000000000000e+00 
171 1 1.367687906739375e+00 2.977452236511108e+00 0.000000000000000e+00 
171 2 1.685164446680748e+00 2.897082798238884e+00 0.000000000000000e+00 
171 3 1.678769458236190e+00 3.235444945122478e+00 0.000000000000000e+00 
172 1 1.078463551143620e+00 4.861034970681040e-01 0.000000000000000e+00 
172 2 1.220562187912289e+00 4.225431189836480e-01 0.000000000000000e+00 
172 3 1.218673277315648e+00 6.035977459454351e-01 0.000000000000000e+00 
173 1 1.218673277315648e+00 6.035977459454351e-01 0.000000000000000e+00 
173 2 1.220562187912289e+00 4.225431189836480e-01 0.000000000000000e+00 
173 3 1.423568113798747e+00 5.395375531294867e-01 0.000000000000000e+00 
174 1 1.423568113798747e+00 5.395375531294867e-01 0.000000000000000e+00 
174 2 1.674920129997263e+00 7.551979684739469e-01 0.000000000000000e+00 
174 3 1.380826034318796e+00 7.826143208353488e-01 0.000000000000000e+00 
175 1 1.380826034318796e+00 7.826143208353488e-01 0.000000000000000e+00 
175 2 1.218673277315648e+00 6.035977459454351e-01 0.000000000000000e+00 
175 3 1.423568113798747e+00 5.395375531294867e-01 0.000000000000000e+00 
176 1 1.380826034318796e+00 7.826143208353488e-01 0.000000000000000e+00 
176 2 1.674920129997263e+00 7.551979684739469e-01 0.000000000000000e+00 
176 3 1.514321015154376e+00 1.042752304488171e+00 0.000000000000000e+00 
177 1 1.674920129997263e+00 7.551979684739469e-01 0.000000000000000e+00 
177 2 1.741360829817529e+00 1.176942170811148e+00 0.000000000000000e+00 
177 3 1.514321015154376e+00 1.042752304488171e+00 0.000000000000000e+00 
178 1 7.834663091448015e-01 6.214342623600844e-01 0.000000000000000e+00 
178 2 8.268281940588091e-01 5.624545648400840e-01 0.000000000000000e+00 
178 3 9.000686361236534e-01 6.375560997856777e-01 0.000000000000000e+00 
179 1 9.169696621846029e-01 5.639481265828759e-01 0.000000000000000e+00 
179 2 9.000686361236534e-01 6.375560997856777e-01 0.000000000000000e+00 
179 3 8.268281940588091e-01 5.624545648400840e-01 0.000000000000000e+00 
180 1 1.028383863839169e+00 6.186689427823514e-01 0.000000000000000e+00 
180 2 9.623364090322012e-01 5.031553797281132e-01 0.000000000000000e+00 
180 3 1.078463551143620e+00 4.861034970681040e-01 0.000000000000000e+00 
181 1 1.028383863839169e+00 6.186689427823514e-01 0.000000000000000e+00 
181 2 1.078463551143620e+00 4.861034970681040e-01 0.000000000000000e+00 
181 3 1.218673277315648e+00 6.035977459454351e-01 0.000000000000000e+00 
182 1 9.169696621846029e-01 5.639481265828759e-01 0.000000000000000e+00 
182 2 1.028383863839169e+00 6.186689427823514e-01 0.000000000000000e+00 
182 3 9.000686361236534e-01 6.375560997856777e-01 0.000000000000000e+00 
183 1 9.623364090322012e-01 5.031553797281132e-01 0.000000000000000e+00 
183 2 1.028383863839169e+00 6.186689427823514e-01 0.000000000000000e+00 
183 3 9.169696621846029e-01 5.639481265828759e-01 0.000000000000000e+00 
184 1 1.444440548346545e+00 2.592008773755306e+00 0.000000000000000e+00 
184 2 1.685164446680748e+00 2.897082798238884e+00 0.000000000000000e+00 
184 3 1.367687906739375e+00 2.977452236511108e+00 0.000000000000000e+00 
185 1 1.685164446680748e+00 2.897082798238884e+00 0.000000000000000e+00 
185 2 1.444440548346545e+00 2.592008773755306e+00 0.000000000000000e+00 
185 3 1.731862561680337e+00 2.572584493408756e+00 0.000000000000000e+00 
186 1 1.714634856840767e+00 1.641904248372481e+00 0.000000000000000e+00 
186 2 1.997760251139370e+00 1.378976552817129e+00 0.000000000000000e+00 
186 3 1.978702170545251e+00 1.847939245497953e+00 0.000000000000000e+00 
187 1 1.714634856840767e+00 1.641904248372481e+00 0.000000000000000e+00 
187 2 1.741360829817529e+00 1.176942170811148e+00 0.000000000000000e+00 
187 3 1.997760251139370e+00 1.378976552817129e+00 0.000000000000000e+00 
188 1 1.978702170545251e+00 1.847939245497953e+00 0.000000000000000e+00 
188 2 1.980620642154676e+00 2.302522912178037e+00 0.000000000000000e+00 
188 3 1.626469967193438e+00 2.157307203039319e+00 0.000000000000000e+00 
189 1 1.731862561680337e+00 2.572584493408756e+00 0.000000000000000e+00 
189 2 1.626469967193438e+00 2.157307203039319e+00 0.000000000000000e+00 
189 3 1.980620642154676e+00 2.302522912178037e+00 0.000000000000000e+00 
190 1 1.626469967193438e+00 2.157307203039319e+00 0.000000000000000e+00 
190 2 1.731862561680337e+00 2.572584493408756e+00 0.000000000000000e+00 
190 3 1.444440548346545e+00 2.592008773755306e+00 0.000000000000000e+00 
191 1 1.626469967193438e+00 2.157307203039319e+00 0.000000000000000e+00 
191 2 1.714634856840767e+00 1.641904248372481e+00 0.000000000000000e+00 
191 3 1.978702170545251e+00 1.847939245497953e+00 0.000000000000000e+00 
192 1 1.741360829817529e+00 1.176942170811148e+00 0.000000000000000e+00 
192 2 1.714634856840767e+00 1.641904248372481e+00 0.000000000000000e+00 
192 3 1.492192456105799e+00 1.387909739615221e+00 0.000000000000000e+00 
193 1 1.741360829817529e+00 1.176942170811148e+00 0.000000000000000e+00 
193 2 1.492192456105799e+00 1.387909739615221e+00 0.000000000000000e+00 
193 3 1.514321015154376e+00 1.042752304488171e+00 0.000000000000000e+00 
194 1 -3.207522182923049e-16 0.361914062500000e+01 0.000000000000000e+00 
194 2 -2.748279633242792e-16 0.324414062500000e+01 0.000000000000000e+00 
194 3 3.057236846135870e-01 3.453260695208245e+00 0.000000000000000e+00 
195 1 3.057236846135870e-01 3.453260695208245e+00 0.000000000000000e+00 
195 2 3.663503242913120e-01 3.061388650564132e+00 0.000000000000000e+00 
195 3 6.054286464560479e-01 3.380250789480665e+00 0.000000000000000e+00 
196 1 -2.748279633242792e-16 0.324414062500000e+01 0.000000000000000e+00 
196 2 3.663503242913120e-01 3.061388650564132e+00 0.000000000000000e+00 
196 3 3.057236846135870e-01 3.453260695208245e+00 0.000000000000000e+00 
197 1 6.054286464560479e-01 3.380250789480665e+00 0.000000000000000e+00 
197 2 3.663503242913120e-01 3.061388650564132e+00 0.000000000000000e+00 
197 3 7.282075101324892e-01 3.130273333067638e+00 0.000000000000000e+00 
198 1 3.663503242913120e-01 3.061388650564132e+00 0.000000000000000e+00 
198 2 7.048083995063698e-01 2.819842650674186e+00 0.000000000000000e+00 
198 3 7.282075101324892e-01 3.130273333067638e+00 0.000000000000000e+00 
199 1 7.048083995063698e-01 2.819842650674186e+00 0.000000000000000e+00 
199 2 1.026953968004404e+00 3.053198057462127e+00 0.000000000000000e+00 
199 3 7.282075101324892e-01 3.130273333067638e+00 0.000000000000000e+00 
200 1 1.026953968004404e+00 3.053198057462127e+00 0.000000000000000e+00 
200 2 7.048083995063698e-01 2.819842650674186e+00 0.000000000000000e+00 
200 3 1.075655053510868e+00 2.678106333273968e+00 0.000000000000000e+00 
201 1 1.367687906739375e+00 2.977452236511108e+00 0.000000000000000e+00 
201 2 1.075655053510868e+00 2.678106333273968e+00 0.000000000000000e+00 
201 3 1.444440548346545e+00 2.592008773755306e+00 0.000000000000000e+00 
202 1 1.367687906739375e+00 2.977452236511108e+00 0.000000000000000e+00 
202 2 1.026953968004404e+00 3.053198057462127e+00 0.000000000000000e+00 
202 3 1.075655053510868e+00 2.678106333273968e+00 0.000000000000000e+00 
203 1 1.322735400169381e+00 1.207502250034811e+00 0.000000000000000e+00 
203 2 1.514321015154376e+00 1.042752304488171e+00 0.000000000000000e+00 
203 3 1.492192456105799e+00 1.387909739615221e+00 0.000000000000000e+00 
204 1 1.380826034318796e+00 7.826143208353488e-01 0.000000000000000e+00 
204 2 1.159758625875049e+00 7.777650893141478e-01 0.000000000000000e+00 
204 3 1.218673277315648e+00 6.035977459454351e-01 0.000000000000000e+00 
205 1 1.028383863839169e+00 6.186689427823514e-01 0.000000000000000e+00 
205 2 1.218673277315648e+00 6.035977459454351e-01 0.000000000000000e+00 
205 3 1.159758625875049e+00 7.777650893141478e-01 0.000000000000000e+00 
206 1 1.257870189626295e+00 9.904495194750250e-01 0.000000000000000e+00 
206 2 1.159758625875049e+00 7.777650893141478e-01 0.000000000000000e+00 
206 3 1.380826034318796e+00 7.826143208353488e-01 0.000000000000000e+00 
207 1 1.514321015154376e+00 1.042752304488171e+00 0.000000000000000e+00 
207 2 1.257870189626295e+00 9.904495194750250e-01 0.000000000000000e+00 
207 3 1.380826034318796e+00 7.826143208353488e-01 0.000000000000000e+00 
208 1 1.257870189626295e+00 9.904495194750250e-01 0.000000000000000e+00 
208 2 1.514321015154376e+00 1.042752304488171e+00 0.000000000000000e+00 
208 3 1.322735400169381e+00 1.207502250034811e+00 0.000000000000000e+00 
209 1 6.820485727348462e-01 7.313068743218261e-01 0.000000000000000e+00 
209 2 7.348138981861347e-01 6.782687778694350e-01 0.000000000000000e+00 
209 3 7.592545681896282e-01 7.551904704695824e-01 0.000000000000000e+00 
210 1 7.348138981861347e-01 6.782687778694350e-01 0.000000000000000e+00 
210 2 7.834663091448015e-01 6.214342623600844e-01 0.000000000000000e+00 
210 3 8.418371251531145e-01 7.125798658342616e-01 0.000000000000000e+00 
211 1 8.418371251531145e-01 7.125798658342616e-01 0.000000000000000e+00 
211 2 7.592545681896282e-01 7.551904704695824e-01 0.000000000000000e+00 
211 3 7.348138981861347e-01 6.782687778694350e-01 0.000000000000000e+00 
212 1 9.000686361236534e-01 6.375560997856777e-01 0.000000000000000e+00 
212 2 8.418371251531145e-01 7.125798658342616e-01 0.000000000000000e+00 
212 3 7.834663091448015e-01 6.214342623600844e-01 0.000000000000000e+00 
213 1 9.000686361236534e-01 6.375560997856777e-01 0.000000000000000e+00 
213 2 9.650767805349000e-01 7.569954805713511e-01 0.000000000000000e+00 
213 3 8.418371251531145e-01 7.125798658342616e-01 0.000000000000000e+00 
214 1 9.650767805349000e-01 7.569954805713511e-01 0.000000000000000e+00 
214 2 9.000686361236534e-01 6.375560997856777e-01 0.000000000000000e+00 
214 3 1.028383863839169e+00 6.186689427823514e-01 0.000000000000000e+00 
215 1 1.159758625875049e+00 7.777650893141478e-01 0.000000000000000e+00 
215 2 9.650767805349000e-01 7.569954805713511e-01 0.000000000000000e+00 
215 3 1.028383863839169e+00 6.186689427823514e-01 0.000000000000000e+00 
216 1 1.444440548346545e+00 2.592008773755306e+00 0.000000000000000e+00 
216 2 1.191080247566060e+00 2.268825253657179e+00 0.000000000000000e+00 
216 3 1.626469967193438e+00 2.157307203039319e+00 0.000000000000000e+00 
217 1 1.191080247566060e+00 2.268825253657179e+00 0.000000000000000e+00 
217 2 1.444440548346545e+00 2.592008773755306e+00 0.000000000000000e+00 
217 3 1.075655053510868e+00 2.678106333273968e+00 0.000000000000000e+00 
218 1 1.492192456105799e+00 1.387909739615221e+00 0.000000000000000e+00 
218 2 1.220683626812119e+00 1.430628974632202e+00 0.000000000000000e+00 
218 3 1.322735400169381e+00 1.207502250034811e+00 0.000000000000000e+00 
219 1 1.714634856840767e+00 1.641904248372481e+00 0.000000000000000e+00 
219 2 1.626469967193438e+00 2.157307203039319e+00 0.000000000000000e+00 
219 3 1.349816838630061e+00 1.831374010534709e+00 0.000000000000000e+00 
220 1 1.492192456105799e+00 1.387909739615221e+00 0.000000000000000e+00 
220 2 1.714634856840767e+00 1.641904248372481e+00 0.000000000000000e+00 
220 3 1.349816838630061e+00 1.831374010534709e+00 0.000000000000000e+00 
221 1 1.349816838630061e+00 1.831374010534709e+00 0.000000000000000e+00 
221 2 1.626469967193438e+00 2.157307203039319e+00 0.000000000000000e+00 
221 3 1.191080247566060e+00 2.268825253657179e+00 0.000000000000000e+00 
222 1 1.349816838630061e+00 1.831374010534709e+00 0.000000000000000e+00 
222 2 1.220683626812119e+00 1.430628974632202e+00 0.000000000000000e+00 
222 3 1.492192456105799e+00 1.387909739615221e+00 0.000000000000000e+00 
223 1 -2.748279633242792e-16 0.324414062500000e+01 0.000000000000000e+00 
223 2 -2.289037083562535e-16 0.286914062500000e+01 0.000000000000000e+00 
223 3 3.663503242913120e-01 3.061388650564132e+00 0.000000000000000e+00 
224 1 3.663503242913120e-01 3.061388650564132e+00 0.000000000000000e+00 
224 2 3.523445369660413e-01 2.644115652509275e+00 0.000000000000000e+00 
224 3 7.048083995063698e-01 2.819842650674186e+00 0.000000000000000e+00 
225 1 3.523445369660413e-01 2.644115652509275e+00 0.000000000000000e+00 
225 2 3.663503242913120e-01 3.061388650564132e+00 0.000000000000000e+00 
225 3 -2.289037083562535e-16 0.286914062500000e+01 0.000000000000000e+00 
226 1 7.321481987356419e-01 2.372895833018676e+00 0.000000000000000e+00 
226 2 7.048083995063698e-01 2.819842650674186e+00 0.000000000000000e+00 
226 3 3.523445369660413e-01 2.644115652509275e+00 0.000000000000000e+00 
227 1 7.321481987356419e-01 2.372895833018676e+00 0.000000000000000e+00 
227 2 1.191080247566060e+00 2.268825253657179e+00 0.000000000000000e+00 
227 3 1.075655053510868e+00 2.678106333273968e+00 0.000000000000000e+00 
228 1 7.048083995063698e-01 2.819842650674186e+00 0.000000000000000e+00 
228 2 7.321481987356419e-01 2.372895833018676e+00 0.000000000000000e+00 
228 3 1.075655053510868e+00 2.678106333273968e+00 0.000000000000000e+00 
229 1 1.322735400169381e+00 1.207502250034811e+00 0.000000000000000e+00 
229 2 1.220683626812119e+00 1.430628974632202e+00 0.000000000000000e+00 
229 3 1.128609713148319e+00 1.185770711963435e+00 0.000000000000000e+00 
230 1 1.128609713148319e+00 1.185770711963435e+00 0.000000000000000e+00 
230 2 1.257870189626295e+00 9.904495194750250e-01 0.000000000000000e+00 
230 3 1.322735400169381e+00 1.207502250034811e+00 0.000000000000000e+00 
231 1 1.004170054073374e+00 9.683526996513228e-01 0.000000000000000e+00 
231 2 9.650767805349000e-01 7.569954805713511e-01 0.000000000000000e+00 
231 3 1.159758625875049e+00 7.777650893141478e-01 0.000000000000000e+00 
232 1 1.159758625875049e+00 7.777650893141478e-01 0.000000000000000e+00 
232 2 1.257870189626295e+00 9.904495194750250e-01 0.000000000000000e+00 
232 3 1.004170054073374e+00 9.683526996513228e-01 0.000000000000000e+00 
233 1 1.004170054073374e+00 9.683526996513228e-01 0.000000000000000e+00 
233 2 1.257870189626295e+00 9.904495194750250e-01 0.000000000000000e+00 
233 3 1.128609713148319e+00 1.185770711963435e+00 0.000000000000000e+00 
234 1 6.241945514999468e-01 7.812689433721144e-01 0.000000000000000e+00 
234 2 6.820485727348462e-01 7.313068743218261e-01 0.000000000000000e+00 
234 3 7.011459108082482e-01 8.164325928459238e-01 0.000000000000000e+00 
235 1 7.592545681896282e-01 7.551904704695824e-01 0.000000000000000e+00 
235 2 7.011459108082482e-01 8.164325928459238e-01 0.000000000000000e+00 
235 3 6.820485727348462e-01 7.313068743218261e-01 0.000000000000000e+00 
236 1 8.274265391677024e-01 8.477811996133366e-01 0.000000000000000e+00 
236 2 7.011459108082482e-01 8.164325928459238e-01 0.000000000000000e+00 
236 3 7.592545681896282e-01 7.551904704695824e-01 0.000000000000000e+00 
237 1 8.274265391677024e-01 8.477811996133366e-01 0.000000000000000e+00 
237 2 7.592545681896282e-01 7.551904704695824e-01 0.000000000000000e+00 
237 3 8.418371251531145e-01 7.125798658342616e-01 0.000000000000000e+00 
238 1 8.274265391677024e-01 8.477811996133366e-01 0.000000000000000e+00 
238 2 8.418371251531145e-01 7.125798658342616e-01 0.000000000000000e+00 
238 3 9.650767805349000e-01 7.569954805713511e-01 0.000000000000000e+00 
239 1 8.274265391677024e-01 8.477811996133366e-01 0.000000000000000e+00 
239 2 9.650767805349000e-01 7.569954805713511e-01 0.000000000000000e+00 
239 3 1.004170054073374e+00 9.683526996513228e-01 0.000000000000000e+00 
240 1 6.241945514999468e-01 7.812689433721144e-01 0.000000000000000e+00 
240 2 7.011459108082482e-01 8.164325928459238e-01 0.000000000000000e+00 
240 3 6.306653349931163e-01 8.527534110472093e-01 0.000000000000000e+00 
241 1 5.626931766661194e-01 8.266658266393933e-01 0.000000000000000e+00 
241 2 6.241945514999468e-01 7.812689433721144e-01 0.000000000000000e+00 
241 3 6.306653349931163e-01 8.527534110472093e-01 0.000000000000000e+00 
242 1 1.220683626812119e+00 1.430628974632202e+00 0.000000000000000e+00 
242 2 1.005471883901817e+00 1.358577988920595e+00 0.000000000000000e+00 
242 3 1.128609713148319e+00 1.185770711963435e+00 0.000000000000000e+00 
243 1 1.191080247566060e+00 2.268825253657179e+00 0.000000000000000e+00 
243 2 9.350259402671509e-01 1.973264723513535e+00 0.000000000000000e+00 
243 3 1.349816838630061e+00 1.831374010534709e+00 0.000000000000000e+00 
244 1 7.321481987356419e-01 2.372895833018676e+00 0.000000000000000e+00 
244 2 9.350259402671509e-01 1.973264723513535e+00 0.000000000000000e+00 
244 3 1.191080247566060e+00 2.268825253657179e+00 0.000000000000000e+00 
245 1 1.220683626812119e+00 1.430628974632202e+00 0.000000000000000e+00 
245 2 1.005583886612786e+00 1.617699928937298e+00 0.000000000000000e+00 
245 3 1.005471883901817e+00 1.358577988920595e+00 0.000000000000000e+00 
246 1 1.005583886612786e+00 1.617699928937298e+00 0.000000000000000e+00 
246 2 1.349816838630061e+00 1.831374010534709e+00 0.000000000000000e+00 
246 3 9.350259402671509e-01 1.973264723513535e+00 0.000000000000000e+00 
247 1 1.220683626812119e+00 1.430628974632202e+00 0.000000000000000e+00 
247 2 1.349816838630061e+00 1.831374010534709e+00 0.000000000000000e+00 
247 3 1.005583886612786e+00 1.617699928937298e+00 0.000000000000000e+00 
248 1 -2.289037083562535e-16 0.286914062500000e+01 0.000000000000000e+00 
248 2 -1.822958732075437e-16 2.488558769226074e+00 0.000000000000000e+00 
248 3 3.523445369660413e-01 2.644115652509275e+00 0.000000000000000e+00 
249 1 -1.822958732075437e-16 2.488558769226074e+00 0.000000000000000e+00 
249 2 3.167528910889154e-01 2.246531705596952e+00 0.000000000000000e+00 
249 3 3.523445369660413e-01 2.644115652509275e+00 0.000000000000000e+00 
250 1 7.321481987356419e-01 2.372895833018676e+00 0.000000000000000e+00 
250 2 3.523445369660413e-01 2.644115652509275e+00 0.000000000000000e+00 
250 3 3.167528910889154e-01 2.246531705596952e+00 0.000000000000000e+00 
251 1 7.321481987356419e-01 2.372895833018676e+00 0.000000000000000e+00 
251 2 3.167528910889154e-01 2.246531705596952e+00 0.000000000000000e+00 
251 3 5.651135068523708e-01 1.973219013883853e+00 0.000000000000000e+00 
252 1 9.350259402671509e-01 1.973264723513535e+00 0.000000000000000e+00 
252 2 7.321481987356419e-01 2.372895833018676e+00 0.000000000000000e+00 
252 3 5.651135068523708e-01 1.973219013883853e+00 0.000000000000000e+00 
253 1 9.037452619213636e-01 1.189419525435220e+00 0.000000000000000e+00 
253 2 1.128609713148319e+00 1.185770711963435e+00 0.000000000000000e+00 
253 3 1.005471883901817e+00 1.358577988920595e+00 0.000000000000000e+00 
254 1 1.004170054073374e+00 9.683526996513228e-01 0.000000000000000e+00 
254 2 1.128609713148319e+00 1.185770711963435e+00 0.000000000000000e+00 
254 3 9.037452619213636e-01 1.189419525435220e+00 0.000000000000000e+00 
255 1 1.004170054073374e+00 9.683526996513228e-01 0.000000000000000e+00 
255 2 7.867032682399887e-01 1.030287371186743e+00 0.000000000000000e+00 
255 3 8.274265391677024e-01 8.477811996133366e-01 0.000000000000000e+00 
256 1 9.037452619213636e-01 1.189419525435220e+00 0.000000000000000e+00 
256 2 7.867032682399887e-01 1.030287371186743e+00 0.000000000000000e+00 
256 3 1.004170054073374e+00 9.683526996513228e-01 0.000000000000000e+00 
257 1 6.884047319115983e-01 9.207370303518246e-01 0.000000000000000e+00 
257 2 6.306653349931163e-01 8.527534110472093e-01 0.000000000000000e+00 
257 3 7.011459108082482e-01 8.164325928459238e-01 0.000000000000000e+00 
258 1 6.884047319115983e-01 9.207370303518246e-01 0.000000000000000e+00 
258 2 8.274265391677024e-01 8.477811996133366e-01 0.000000000000000e+00 
258 3 7.867032682399887e-01 1.030287371186743e+00 0.000000000000000e+00 
259 1 8.274265391677024e-01 8.477811996133366e-01 0.000000000000000e+00 
259 2 6.884047319115983e-01 9.207370303518246e-01 0.000000000000000e+00 
259 3 7.011459108082482e-01 8.164325928459238e-01 0.000000000000000e+00 
260 1 6.306653349931163e-01 8.527534110472093e-01 0.000000000000000e+00 
260 2 6.884047319115983e-01 9.207370303518246e-01 0.000000000000000e+00 
260 3 5.805704246456618e-01 9.139954537583331e-01 0.000000000000000e+00 
261 1 5.805704246456618e-01 9.139954537583331e-01 0.000000000000000e+00 
261 2 5.626931766661194e-01 8.266658266393933e-01 0.000000000000000e+00 
261 3 6.306653349931163e-01 8.527534110472093e-01 0.000000000000000e+00 
262 1 5.626931766661194e-01 8.266658266393933e-01 0.000000000000000e+00 
262 2 5.805704246456618e-01 9.139954537583331e-01 0.000000000000000e+00 
262 3 5.000388726245116e-01 8.660029595009520e-01 0.000000000000000e+00 
263 1 4.340434800661161e-01 9.008919232694315e-01 0.000000000000000e+00 
263 2 5.000388726245116e-01 8.660029595009520e-01 0.000000000000000e+00 
263 3 4.948999536691474e-01 9.565003085113449e-01 0.000000000000000e+00 
264 1 5.000388726245116e-01 8.660029595009520e-01 0.000000000000000e+00 
264 2 5.805704246456618e-01 9.139954537583331e-01 0.000000000000000e+00 
264 3 4.948999536691474e-01 9.565003085113449e-01 0.000000000000000e+00 
265 1 8.056428737862836e-01 1.411462533959727e+00 0.000000000000000e+00 
265 2 9.037452619213636e-01 1.189419525435220e+00 0.000000000000000e+00 
265 3 1.005471883901817e+00 1.358577988920595e+00 0.000000000000000e+00 
266 1 8.056428737862836e-01 1.411462533959727e+00 0.000000000000000e+00 
266 2 1.005471883901817e+00 1.358577988920595e+00 0.000000000000000e+00 
266 3 1.005583886612786e+00 1.617699928937298e+00 0.000000000000000e+00 
267 1 5.651135068523708e-01 1.973219013883853e+00 0.000000000000000e+00 
267 2 7.146362694163292e-01 1.676987970285380e+00 0.000000000000000e+00 
267 3 9.350259402671509e-01 1.973264723513535e+00 0.000000000000000e+00 
268 1 1.005583886612786e+00 1.617699928937298e+00 0.000000000000000e+00 
268 2 7.146362694163292e-01 1.676987970285380e+00 0.000000000000000e+00 
268 3 8.056428737862836e-01 1.411462533959727e+00 0.000000000000000e+00 
269 1 1.005583886612786e+00 1.617699928937298e+00 0.000000000000000e+00 
269 2 9.350259402671509e-01 1.973264723513535e+00 0.000000000000000e+00 
269 3 7.146362694163292e-01 1.676987970285380e+00 0.000000000000000e+00 
270 1 -1.822958732075437e-16 2.488558769226074e+00 0.000000000000000e+00 
270 2 -1.356880380588340e-16 2.107976913452148e+00 0.000000000000000e+00 
270 3 3.167528910889154e-01 2.246531705596952e+00 0.000000000000000e+00 
271 1 3.167528910889154e-01 2.246531705596952e+00 0.000000000000000e+00 
271 2 2.569207858055567e-01 1.885615509454771e+00 0.000000000000000e+00 
271 3 5.651135068523708e-01 1.973219013883853e+00 0.000000000000000e+00 
272 1 -1.356880380588340e-16 2.107976913452148e+00 0.000000000000000e+00 
272 2 2.569207858055567e-01 1.885615509454771e+00 0.000000000000000e+00 
272 3 3.167528910889154e-01 2.246531705596952e+00 0.000000000000000e+00 
273 1 5.651135068523708e-01 1.973219013883853e+00 0.000000000000000e+00 
273 2 4.417126491137255e-01 1.671795167630299e+00 0.000000000000000e+00 
273 3 7.146362694163292e-01 1.676987970285380e+00 0.000000000000000e+00 
274 1 4.417126491137255e-01 1.671795167630299e+00 0.000000000000000e+00 
274 2 5.651135068523708e-01 1.973219013883853e+00 0.000000000000000e+00 
274 3 2.569207858055567e-01 1.885615509454771e+00 0.000000000000000e+00 
275 1 4.948999536691474e-01 9.565003085113449e-01 0.000000000000000e+00 
275 2 4.158106798614000e-01 9.599732120404080e-01 0.000000000000000e+00 
275 3 4.340434800661161e-01 9.008919232694315e-01 0.000000000000000e+00 
276 1 3.656293230811380e-01 9.307605482094892e-01 0.000000000000000e+00 
276 2 4.340434800661161e-01 9.008919232694315e-01 0.000000000000000e+00 
276 3 4.158106798614000e-01 9.599732120404080e-01 0.000000000000000e+00 
277 1 6.735223878138784e-01 1.208311821685382e+00 0.000000000000000e+00 
277 2 9.037452619213636e-01 1.189419525435220e+00 0.000000000000000e+00 
277 3 8.056428737862836e-01 1.411462533959727e+00 0.000000000000000e+00 
278 1 6.735223878138784e-01 1.208311821685382e+00 0.000000000000000e+00 
278 2 7.867032682399887e-01 1.030287371186743e+00 0.000000000000000e+00 
278 3 9.037452619213636e-01 1.189419525435220e+00 0.000000000000000e+00 
279 1 4.505969710663985e-01 1.037080144244756e+00 0.000000000000000e+00 
279 2 4.158106798614000e-01 9.599732120404080e-01 0.000000000000000e+00 
279 3 4.948999536691474e-01 9.565003085113449e-01 0.000000000000000e+00 
280 1 6.067204780094775e-01 1.061313186499275e+00 0.000000000000000e+00 
280 2 6.884047319115983e-01 9.207370303518246e-01 0.000000000000000e+00 
280 3 7.867032682399887e-01 1.030287371186743e+00 0.000000000000000e+00 
281 1 6.067204780094775e-01 1.061313186499275e+00 0.000000000000000e+00 
281 2 5.805704246456618e-01 9.139954537583331e-01 0.000000000000000e+00 
281 3 6.884047319115983e-01 9.207370303518246e-01 0.000000000000000e+00 
282 1 7.867032682399887e-01 1.030287371186743e+00 0.000000000000000e+00 
282 2 6.735223878138784e-01 1.208311821685382e+00 0.000000000000000e+00 
282 3 6.067204780094775e-01 1.061313186499275e+00 0.000000000000000e+00 
283 1 5.805704246456618e-01 9.139954537583331e-01 0.000000000000000e+00 
283 2 6.067204780094775e-01 1.061313186499275e+00 0.000000000000000e+00 
283 3 4.948999536691474e-01 9.565003085113449e-01 0.000000000000000e+00 
284 1 4.948999536691474e-01 9.565003085113449e-01 0.000000000000000e+00 
284 2 6.067204780094775e-01 1.061313186499275e+00 0.000000000000000e+00 
284 3 4.505969710663985e-01 1.037080144244756e+00 0.000000000000000e+00 
285 1 5.342750739175711e-01 1.410596598483313e+00 0.000000000000000e+00 
285 2 6.735223878138784e-01 1.208311821685382e+00 0.000000000000000e+00 
285 3 8.056428737862836e-01 1.411462533959727e+00 0.000000000000000e+00 
286 1 7.146362694163292e-01 1.676987970285380e+00 0.000000000000000e+00 
286 2 4.417126491137255e-01 1.671795167630299e+00 0.000000000000000e+00 
286 3 5.342750739175711e-01 1.410596598483313e+00 0.000000000000000e+00 
287 1 8.056428737862836e-01 1.411462533959727e+00 0.000000000000000e+00 
287 2 7.146362694163292e-01 1.676987970285380e+00 0.000000000000000e+00 
287 3 5.342750739175711e-01 1.410596598483313e+00 0.000000000000000e+00 
288 1 -1.356880380588340e-16 2.107976913452148e+00 0.000000000000000e+00 
288 2 -9.360799644022362e-17 1.764367297619174e+00 0.000000000000000e+00 
288 3 2.569207858055567e-01 1.885615509454771e+00 0.000000000000000e+00 
289 1 5.342750739175711e-01 1.410596598483313e+00 0.000000000000000e+00 
289 2 4.417126491137255e-01 1.671795167630299e+00 0.000000000000000e+00 
289 3 3.389887341128639e-01 1.460598394747253e+00 0.000000000000000e+00 
290 1 1.978875118359379e-01 1.590822615448100e+00 0.000000000000000e+00 
290 2 2.569207858055567e-01 1.885615509454771e+00 0.000000000000000e+00 
290 3 -9.360799644022362e-17 1.764367297619174e+00 0.000000000000000e+00 
291 1 1.978875118359379e-01 1.590822615448100e+00 0.000000000000000e+00 
291 2 3.389887341128639e-01 1.460598394747253e+00 0.000000000000000e+00 
291 3 4.417126491137255e-01 1.671795167630299e+00 0.000000000000000e+00 
292 1 2.569207858055567e-01 1.885615509454771e+00 0.000000000000000e+00 
292 2 1.978875118359379e-01 1.590822615448100e+00 0.000000000000000e+00 
292 3 4.417126491137255e-01 1.671795167630299e+00 0.000000000000000e+00 
293 1 2.920967570526486e-01 1.038297611357454e+00 0.000000000000000e+00 
293 2 4.158106798614000e-01 9.599732120404080e-01 0.000000000000000e+00 
293 3 4.505969710663985e-01 1.037080144244756e+00 0.000000000000000e+00 
294 1 2.920967570526486e-01 1.038297611357454e+00 0.000000000000000e+00 
294 2 3.656293230811380e-01 9.307605482094892e-01 0.000000000000000e+00 
294 3 4.158106798614000e-01 9.599732120404080e-01 0.000000000000000e+00 
295 1 3.656293230811380e-01 9.307605482094892e-01 0.000000000000000e+00 
295 2 2.920967570526486e-01 1.038297611357454e+00 0.000000000000000e+00 
295 3 2.945364918583658e-01 9.556402330185595e-01 0.000000000000000e+00 
296 1 4.505969710663985e-01 1.037080144244756e+00 0.000000000000000e+00 
296 2 4.434569867393187e-01 1.169316402815296e+00 0.000000000000000e+00 
296 3 2.920967570526486e-01 1.038297611357454e+00 0.000000000000000e+00 
297 1 4.434569867393187e-01 1.169316402815296e+00 0.000000000000000e+00 
297 2 4.505969710663985e-01 1.037080144244756e+00 0.000000000000000e+00 
297 3 6.067204780094775e-01 1.061313186499275e+00 0.000000000000000e+00 
298 1 6.735223878138784e-01 1.208311821685382e+00 0.000000000000000e+00 
298 2 4.434569867393187e-01 1.169316402815296e+00 0.000000000000000e+00 
298 3 6.067204780094775e-01 1.061313186499275e+00 0.000000000000000e+00 
299 1 5.342750739175711e-01 1.410596598483313e+00 0.000000000000000e+00 
299 2 4.434569867393187e-01 1.169316402815296e+00 0.000000000000000e+00 
299 3 6.735223878138784e-01 1.208311821685382e+00 0.000000000000000e+00 
300 1 3.219656164405986e-01 1.275703898259855e+00 0.000000000000000e+00 
300 2 5.342750739175711e-01 1.410596598483313e+00 0.000000000000000e+00 
300 3 3.389887341128639e-01 1.460598394747253e+00 0.000000000000000e+00 
301 1 4.434569867393187e-01 1.169316402815296e+00 0.000000000000000e+00 
301 2 5.342750739175711e-01 1.410596598483313e+00 0.000000000000000e+00 
301 3 3.219656164405986e-01 1.275703898259855e+00 0.000000000000000e+00 
302 1 -9.360799644022362e-17 1.764367297619174e+00 0.000000000000000e+00 
302 2 -6.293475848189749e-17 1.513901302201702e+00 0.000000000000000e+00 
302 3 1.978875118359379e-01 1.590822615448100e+00 0.000000000000000e+00 
303 1 2.227654512634202e-01 9.748720704397089e-01 0.000000000000000e+00 
303 2 2.945364918583658e-01 9.556402330185595e-01 0.000000000000000e+00 
303 3 2.920967570526486e-01 1.038297611357454e+00 0.000000000000000e+00 
304 1 1.497029019834814e-01 1.321230796275076e+00 0.000000000000000e+00 
304 2 3.219656164405986e-01 1.275703898259855e+00 0.000000000000000e+00 
304 3 3.389887341128639e-01 1.460598394747253e+00 0.000000000000000e+00 
305 1 1.978875118359379e-01 1.590822615448100e+00 0.000000000000000e+00 
305 2 1.497029019834814e-01 1.321230796275076e+00 0.000000000000000e+00 
305 3 3.389887341128639e-01 1.460598394747253e+00 0.000000000000000e+00 
306 1 1.497029019834814e-01 1.321230796275076e+00 0.000000000000000e+00 
306 2 1.978875118359379e-01 1.590822615448100e+00 0.000000000000000e+00 
306 3 -6.293475848189749e-17 1.513901302201702e+00 0.000000000000000e+00 
307 1 3.219656164405986e-01 1.275703898259855e+00 0.000000000000000e+00 
307 2 1.497029019834814e-01 1.321230796275076e+00 0.000000000000000e+00 
307 3 1.851126539220297e-01 1.191267730315242e+00 0.000000000000000e+00 
308 1 2.920967570526486e-01 1.038297611357454e+00 0.000000000000000e+00 
308 2 2.448761551030191e-01 1.104567754875238e+00 0.000000000000000e+00 
308 3 2.227654512634202e-01 9.748720704397089e-01 0.000000000000000e+00 
309 1 2.448761551030191e-01 1.104567754875238e+00 0.000000000000000e+00 
309 2 2.920967570526486e-01 1.038297611357454e+00 0.000000000000000e+00 
309 3 4.434569867393187e-01 1.169316402815296e+00 0.000000000000000e+00 
310 1 3.219656164405986e-01 1.275703898259855e+00 0.000000000000000e+00 
310 2 2.448761551030191e-01 1.104567754875238e+00 0.000000000000000e+00 
310 3 4.434569867393187e-01 1.169316402815296e+00 0.000000000000000e+00 
311 1 2.448761551030191e-01 1.104567754875238e+00 0.000000000000000e+00 
311 2 3.219656164405986e-01 1.275703898259855e+00 0.000000000000000e+00 
311 3 1.851126539220297e-01 1.191267730315242e+00 0.000000000000000e+00 
312 1 -6.293475848189749e-17 1.513901302201702e+00 0.000000000000000e+00 
312 2 -3.226152052357135e-17 1.263435306784231e+00 0.000000000000000e+00 
312 3 1.497029019834814e-01 1.321230796275076e+00 0.000000000000000e+00 
313 1 1.497645346773215e-01 9.887216919603238e-01 0.000000000000000e+00 
313 2 2.227654512634202e-01 9.748720704397089e-01 0.000000000000000e+00 
313 3 2.448761551030191e-01 1.104567754875238e+00 0.000000000000000e+00 
314 1 1.497029019834814e-01 1.321230796275076e+00 0.000000000000000e+00 
314 2 8.678469189543185e-02 1.175289907222868e+00 0.000000000000000e+00 
314 3 1.851126539220297e-01 1.191267730315242e+00 0.000000000000000e+00 
315 1 8.678469189543185e-02 1.175289907222868e+00 0.000000000000000e+00 
315 2 1.497029019834814e-01 1.321230796275076e+00 0.000000000000000e+00 
315 3 -3.226152052357135e-17 1.263435306784231e+00 0.000000000000000e+00 
316 1 1.279956402915713e-01 1.086414096226805e+00 0.000000000000000e+00 
316 2 1.851126539220297e-01 1.191267730315242e+00 0.000000000000000e+00 
316 3 8.678469189543185e-02 1.175289907222868e+00 0.000000000000000e+00 
317 1 1.851126539220297e-01 1.191267730315242e+00 0.000000000000000e+00 
317 2 1.279956402915713e-01 1.086414096226805e+00 0.000000000000000e+00 
317 3 2.448761551030191e-01 1.104567754875238e+00 0.000000000000000e+00 
318 1 2.448761551030191e-01 1.104567754875238e+00 0.000000000000000e+00 
318 2 1.279956402915713e-01 1.086414096226805e+00 0.000000000000000e+00 
318 3 1.497645346773215e-01 9.887216919603238e-01 0.000000000000000e+00 
319 1 -3.226152052357135e-17 1.263435306784231e+00 0.000000000000000e+00 
319 2 -1.408724076770524e-17 1.115031050401740e+00 0.000000000000000e+00 
319 3 8.678469189543185e-02 1.175289907222868e+00 0.000000000000000e+00 
320 1 7.509430084792117e-02 9.971764367353262e-01 0.000000000000000e+00 
320 2 1.497645346773215e-01 9.887216919603238e-01 0.000000000000000e+00 
320 3 1.279956402915713e-01 1.086414096226805e+00 0.000000000000000e+00 
321 1 -1.408724076770524e-17 1.115031050401740e+00 0.000000000000000e+00 
321 2 5.789695517550880e-02 1.074360463334110e+00 0.000000000000000e+00 
321 3 8.678469189543185e-02 1.175289907222868e+00 0.000000000000000e+00 
322 1 1.279956402915713e-01 1.086414096226805e+00 0.000000000000000e+00 
322 2 5.789695517550880e-02 1.074360463334110e+00 0.000000000000000e+00 
322 3 7.509430084792117e-02 9.971764367353262e-01 0.000000000000000e+00 
323 1 1.279956402915713e-01 1.086414096226805e+00 0.000000000000000e+00 
323 2 8.678469189543185e-02 1.175289907222868e+00 0.000000000000000e+00 
323 3 5.789695517550880e-02 1.074360463334110e+00 0.000000000000000e+00 
324 1 0.000000000000000e+00 1.000000000000000e+00 0.000000000000000e+00 
324 2 7.509430084792117e-02 9.971764367353262e-01 0.000000000000000e+00 
324 3 5.789695517550880e-02 1.074360463334110e+00 0.000000000000000e+00 
325 1 -1.408724076770524e-17 1.115031050401740e+00 0.000000000000000e+00 
325 2 0.000000000000000e+00 1.000000000000000e+00 0.000000000000000e+00 
325 3 5.789695517550880e-02 1.074360463334110e+00 0.000000000000000e+00 
