2.9564424112305407
6080354375926778e-32
-.4964986133275456
3.128054654319939
2.9564424112305407
.03716554816157847
-.4951056403092424
3.128054654319939
2.9486883119828735
.030465528822387483
-.520553298128727
3.121143251608622
2.9564424112305407
.07412255352198961
-.4909345374849435
3.128054654319939
2.9564424112305407
.11129000126274918
-.48386507277867546
3.128054654319939
2.9467524128453446
.0713765231700186
-.5226014218129039
3.119416998497793
2.947352177005534
0
-.5256003102368422
3.1199518436202456
2.9564424112305407
.14710033702096306
-.4742070896607248
3.128054654319939
2.9564424112305407
.1820897776429518
-.46190278838097093
3.128054654319939
2.9465923676818706
.15727555759265063
-.5039758710630814
3.1192742719550464
2.9564424112305407
.21588832856914367
-.44710524781509453
3.128054654319939
2.944769629738452
.20884816399759729
-.49094779745053857
3.1176486307724534
2.939581625217505
.11832579889809892
-.5361206067662082
3.1130201746852464
2.9336812074118175
.05000306813138396
-.5638099169167055
3.107753545614843
2.9338371782439725
0
-.5655816492580175
3.10789279854663
2.9160779908723597
0
-.61329479501709
3.0920247128813814
2.9564424112305407
.24849467740155243
-.42983865384499104
3.128054654319939
2.9564424112305407
.2800025799615197
-.41001149770594036
3.128054654319939
2.9496566210635793
.2948119454640757
-.4264172263519994
3.122006587344124
2.9564424112305407
.3102322844237642
-.38764262244674313
3.128054654319939
2.932683428194691
.18156253556634072
-.5390816650172845
3.10686266868807
2.943493984796783
.265190609936037
-.4673934640512531
3.116510767515355
2.929688829947885
.24762939503253648
-.5213546579084701
3.1041884371927284
2
0
-1.3435028842544403
2.236964285714286
2.1800096264971245
0
-1.3144666262050866
2.41099416561389
2.127927577254501
.0756188291873915
-1.324129467470721
2.360965563745266
2
.09848003196985476
-1.3398886831760377
2.236964285714286
2.3469539097198355
0
-1.255236029390018
2.5696378638171904
2.2794615288363684
.08551673418063427
-1.2804989646140479
2.5058124401776474
2.097586320588707
.1573825533879931
-1.3225169585315875
2.3317003434033823
2
.19643021522569834
-1.3290655253020394
2.236964285714286
2.9021543963066243
.0790602968829263
-.6427493122697215
3.079566197641491
2.884780514303156
0
-.6872373502460692
3.0639986934526773
2.9193254135622455
.13229204696831115
-.5902839929330735
3.09492820756508
2.9564424112305407
.33868222561879
-.3630498906294818
3.128054654319939
2.9483324060135505
.3360844536877098
-.40013871927888345
3.1208259103548444
2.949502559049766
.36170768327038416
-.37204301647803273
3.1218692319957286
2.9564424112305407
.3648554394771123
-.3367363676827005
3.128054654319939
2.9374391016981436
.3288735027974323
-.44740053916291644
3.1111081083304195
2.913037435446742
.22016941714672644
-.5806580110510378
3.089305414195064
2.9260454518641246
.31153722689710484
-.4976506040225375
3.100933871598128
2.913026073183989
.28952117136242406
-.5494099126472765
3.089295251054466
2.8384143659814134
0
-.7796722863573713
3.0223344207406795
2.859411946271262
.10151398251334434
-.7329309820005789
3.0412241747719695
2.225712998332688
.14970224683132638
-1.2929767112536463
2.454683255290787
2.511251920581657
0
-1.1588018843202819
2.7232932341871168
2.4221213560003267
.10004706748310876
-1.2123248266078812
2.6402345395432425
2.3454947231987564
.1773761573104349
-1.2433196074227761
2.5682623598142893
2.7674606394814725
0
-.8943059937753653
2.9582379805987697
2.7988561087800354
.11359470650449291
-.8392104036428266
2.986649979921064
2.7036837456005527
.11689908433168514
-.9710056113361923
2.9002713736794408
2.6566258143809973
0
-1.030933205526539
2.8572832053634962
2.5691528888316975
.11839895410657901
-1.1071966427919078
2.7768775219323687
2
.389773667707619
-1.2857202214952328
2.236964285714286
2
.2934949008222265
-1.3110532953283598
2.236964285714286
2.1193831479665612
.2698505407200088
-1.3002427222040713
2.352733163050596
2.8834023239915334
.19682600655201815
-.6615912215929224
3.062762758710232
2.9564424112305407
.3889899360792441
-.3085412495360081
3.128054654319939
2.94619730348635
.3919213066563859
-.3555406971935114
3.11892194929529
2.939107965465247
.37330973806348705
-.40446609060026617
3.1125974947723147
2.9239431794370176
.3764555625714232
-.4578771407558637
3.0990554679752167
2.8916621682162407
.30072581453557695
-.6008637062509566
3.070167748770262
2.905684583974432
.35660381444866157
-.530393125545986
3.0827263946628163
2.9564424112305407
.41087806675233074
-.27872941591809597
3.128054654319939
2.9437975746830594
.4256815329161196
-.3264878767641904
3.1167815785311213
2.828379246406453
.22480684348062913
-.7652638780953542
3.013294058047279
2.9564424112305407
.4631737034508099
-.17883230543678844
3.128054654319939
2.9564424112305407
.47510308018637376
-.14418022136755013
3.128054654319939
2.9471109910780457
.5009586125226559
-.16149599306974916
3.1197367673115766
2.2960634338025625
.28010310861866833
-1.2458893912169384
2.5215511109195248
2.4712134080575607
.2538167395234732
-1.1589148560658828
2.6860689065405188
2.752237391324253
.2472840750272821
-.8816947707935644
2.9444322099010014
2.636908137310882
.2621436151109724
-1.0180026591492048
2.839215385334268
2
.4839121635042572
-1.2533271791565956
2.236964285714286
2.1775910809519035
.4127380598361278
-1.2486333571884296
2.4086767082624547
2
.5783368651238601
-1.212652658611981
2.236964285714286
2.100496505178437
.5326366050195094
-1.2201670112726788
2.3345111866340487
2.942988375112378
.4544930304104825
-.28957923758149345
3.1160597327354647
2.9564424112305407
.43048632361616845
-.247370972863857
3.128054654319939
2.853949580745312
.3259787717364788
-.676093604499245
3.036313574936793
2.9281269689145955
.42405849581698263
-.3978393051726873
3.1027933835097703
2.9050944477886995
.4233322397880219
-.4807259573015621
3.082198178613019
2.8787951286386413
.39495928910241307
-.5781567397171329
3.0586300066194503
2.9271866853733473
.47201077291274907
-.34394112603519084
3.101953429026289
2.7959927196651697
.3605080102421832
-.7712953471046873
2.9840620420799278
2.9456888870166926
.5157146276663561
-.12530647071096349
3.118468519607834
2.9564424112305407
.48444393012555986
-.10874259331410711
3.128054654319939
2.945423075330982
.5248611313625171
-.0839480408508896
3.118231448104959
2.9564424112305407
.4911402380653449
-.07274709333912886
3.128054654319939
2.9564424112305407
.49516361275645376
-.0363850194194295
3.128054654319939
2.9564424112305407
.4964986133275456
7984306656250685e-32
3.128054654319939
2.9465838347347337
.5265537773453254
-.038680011914804656
3.119266662308239
2.9338861970360863
.543915839082211
-.1545354747977941
3.107936562807883
2.9404867247123674
.5078777336854855
-.20141201313873572
3.113827809105931
2.9564424112305407
.4481422187514894
-.21372745450378597
3.128054654319939
2.9418987796808787
.4812425022076322
-.2497014254343161
3.115087678000547
2.381375242683939
.4051627293187518
-1.17035702426608
2.602029232003101
2.5532536206683685
.39927945368966233
-1.0534975655923857
2.762192487200728
2.69691976654449
.4052994312884398
-.8988956597873441
2.8941037893940997
2
.6689376711895179
-1.1651276290877084
2.236964285714286
2.1400233331327683
.6133676742924522
-1.1731287567947488
2.3726075792887538
2.2676080141430752
.5291387884869142
-1.1739411469394967
2.4945596764389717
2
.7556593301247291
-1.1108460635009
2.236964285714286
2.126030305999001
.6949957959865632
-1.1300508508238907
2.359138185878737
2.926270520440708
.5069829259861104
-.2948999602169892
3.101134952008776
2.8356355715212382
.44576636499838096
-.6457936673900405
3.0198318993001316
2.904339625329572
.4869883260835631
-.41890533467789287
3.081522515449782
2.8728157935160303
.48650992426505507
-.520936088932766
3.0532638720541487
2.909343949606827
.5227684516985907
-.3519274535954114
3.086001179471699
2.772996164713733
.49628763224800443
-.7342891303860283
2.96325334667161
2.9406686942170177
.5458197513832863
8777451048403335e-32
3.1139901754890644
2.9310649858117914
.5643804542778885
-.10108483535690807
3.1054174583122944
2.932874074439609
.5660854266990943
-.050116610859020305
3.1070328951658954
2.9174430937241085
.5939355251530055
-.13816950276576928
3.093245342866124
2.9179474825312077
.5767449083339522
-.19399019028336828
3.09369631312342
2.921598467721939
.5443018983129567
-.25002420351509086
3.096960027056499
2.440656586496166
.5350689865365329
-1.0803126416436053
2.6575649014726603
2.5894725233240017
.5403945602489728
-.9534592681610626
2.7956136846646205
2.6973757980188613
.5589207293126901
-.8116840428552781
2.894519731728098
2
.834898723855304
-1.052589246052222
2.236964285714286
2.164572678421978
.7619928532876689
-1.0757419910579773
2.3961928797100605
2.2874279973043743
.6600152448213501
-1.0971118488825125
2.513367856649313
2.898511686567555
.5731849987833155
-.3194169951620486
3.0763042268133103
2.8270384456298747
.5532620239050371
-.577769594112554
3.0120855484913824
2.872171012279752
.5702233360248374
-.42991147914891864
3.0526850434784514
2.7571870472718243
.6189866241620429
-.6654951288554717
2.9489230863365288
2.9194798004185665
.6045252018606505
972150669412453e-31
3.095066222686965
2.907969355537605
.6290784237489365
-.07528057063340263
3.08477117374047
2.8931086102192434
.6486800866292763
-.1621349948514058
3.071463928045069
2.891204635293101
.6244640074051352
-.25081448669733103
3.069757711460104
2.6801983972149346
.6777523385194347
-.742430923570862
2.878840356436759
2.4690864829925845
.6615580571323638
-.9864773744897385
2.684087539011163
2.596669291829188
.6740163217412047
-.8560002521776231
2.8022411337098934
2
.9825128949264728
-.9163342246708903
2.236964285714286
2
.9112560593673201
-.9872245916033207
2.236964285714286
2.117523135115723
.9367271479417701
-.9417681949558936
2.350940140879502
2.164482184856737
.8517230584035399
-1.0062199695659428
2.3961060455796344
2.3164716309419373
.7829988497262856
-.998227900232687
2.5408634094175895
2.855048779521721
.6626839052162447
-.3478935667745671
3.037301934841648
2.7115127586217924
.7367849241182931
-.6286614554164404
2.9074053187105426
2.8095591174862222
.6677823083931662
-.49218990726267303
2.9963174534653074
2.889606945685168
.6765432185621226
10879644732548805e-32
3.0683257433169264
2.8682024810139564
.715968292090902
-.09540714155968692
3.0491217039977148
2.844035590094327
.7351419463331292
-.2268253179652231
3.0273948588544672
2.6146218573636584
.7771661492097084
-.7397022509316287
2.8187542283694422
2.4680356679676843
.8249666422506724
-.8554804443214483
2.68310849009301
2
1.0496370787988547
-.8386071802760854
2.236964285714286
2.1255399161260393
1.0065300205480252
-.8644000915653957
2.35866580500093
2.2695843740439376
.9210161880676978
-.8989032044563595
2.496436776046811
2.1017376261021328
1.0702523137211435
-.7915195943118141
2.335709690767504
2
1.110627922404606
-.7559799058012248
2.236964285714286
2.639182593633488
.8431343628970682
-.6239964898283229
2.841301206476404
2.7913043590192514
.7759980131364022
-.36770447635954423
2.9798232425838216
2.719234336828227
.8144562016180612
-.5062768552119543
2.9144363654015177
2.8448018803697868
.7679142599870964
1234900314494923e-31
3.0280845040846893
2.8083671538202055
.8233810564162809
-.11609376775672965
2.995241277070423
2.760941993956698
.8686708178532685
-.24878009421323807
2.9523286420944506
2.5358785383288005
.9079882503378509
-.6899080278868296
2.7461193767375285
2.3856955716920427
.9825866527110912
-.7502801185715947
2.606087217836239
2.2269347731500226
1.0421559346139866
-.7791856449000274
2.455848483601144
2.135398977090132
1.1182462507315647
-.710310645393322
2.3681583551330156
2
1.16347747386241
-.6718036676103702
2.236964285714286
2
1.2103508973140111
-.5831386673606614
2.236964285714286
2.1266906544864037
1.1781698338508935
-.6095933174288972
2.359774247213463
2.608856697702957
.9365104007855811
-.5345469061109119
2.813454326963276
2.691850749317118
.9125570401499182
-.38887956882085817
2.88947921217035
2.774452745103889
.8841380665716972
14218024502952564e-32
2.96457263723867
2.718689464680707
.9508814417211849
-.1295604570443778
2.9139403832254773
2.6558484496277175
.9975219144248832
-.26355982832165276
2.856571507666059
2.078794918281165
1.2248547694518106
-.5305436527074647
2.313530554175379
2
1.2504794810696926
-.49122405012750764
2.236964285714286
2.4591336140274587
1.043055167533225
-.5814070461370554
2.674810500371499
2.2024724868009815
1.200068230174482
-.5214130388962652
2.4324916549937945
2.3121252568206705
1.1029833015685784
-.6305420157564552
2.536753633905416
2.5448571632393273
1.059861327790309
-.4014312028374289
2.7544284660928002
2.6700076357547537
1.0165578801132815
16347497517174346e-32
2.869526629324379
2.539362012196265
1.1081978714110383
-.2572004699766938
2.749343917387656
2.5977347838659743
1.0802219418884649
-.13437226139174616
2.8032219606494455
2.129164568400476
1.2764893229051544
-.35910550843457817
2.3621567987108607
2
1.2839054093700202
-.3957106263298991
2.236964285714286
2.341494720458952
1.176006151644081
-.44599403817425404
2.5644907597197357
2.403215418582158
1.1896890858662257
-.3002569643520428
2.6225260157378187
2.5481911980014935
1.1306887110698367
18182861260050869e-32
2.7575121049985314
2
1.3097434384148468
-.2992860262846469
2.236964285714286
2.415408409641038
1.2124963344946638
-.13738267411713767
2.6339504158679166
2.293536236764462
1.2628238286241127
-.19623184982164105
2.5191569580976916
2.2033264677956925
1.2771979930691364
-.2831472605167518
2.4333079935463293
2.3543563916733876
1.2517794088036582
20130148196959928e-32
2.576612844477144
2
1.3283504448736252
-.20120908429800544
2.236964285714286
2.2623331121487857
1.2860521845019284
-.09496349956511846
2.4895479258408173
2.151645655968928
1.3121916567156833
-.1545955744406306
2.383780686207334
2.1813117301988325
1.3141331803828669
21132873320652811e-32
2.4122416151051795
2
1.3397094188644763
-.10088940978025263
2.236964285714286
2.125145242633107
1.3249143394868492
-.07139922655623981
2.358285608591977
2
1.3435028842544403
-8226582534237186e-32
2.236964285714286
