1 1 2.939266104770990e+00 4.550508552818654e-02 -4.822885662918512e-01 3.121313463210830e+00 
1 2 2.938215835266869e+00 -1.647660379545885e-03 -4.080500914468964e-01 3.112592061840297e+00 
1 3 2.954776445185672e+00 4.921663971950128e-02 -5.616686422022757e-01 3.129463251314378e+00 
2 1 2.938157949505739e+00 8.751229814406902e-02 -4.578992473954867e-01 3.119651139248271e+00 
2 2 2.938262794683987e+00 7.297085041116326e-02 -3.965082017981880e-01 3.111691949516264e+00 
2 3 2.953888187781480e+00 8.740872338444121e-02 -5.738789910578982e-01 3.127973397369354e+00 
3 1 2.953888187781480e+00 8.740872338444121e-02 -5.738789910578982e-01 3.127973397369354e+00 
3 2 2.938215835266869e+00 -1.647660379545885e-03 -4.080500914468964e-01 3.112592061840297e+00 
3 3 2.938157949505739e+00 8.751229814406902e-02 -4.578992473954867e-01 3.119651139248271e+00 
4 1 2.953888187781480e+00 8.740872338444121e-02 -5.738789910578982e-01 3.127973397369354e+00 
4 2 2.954776445185672e+00 4.921663971950128e-02 -5.616686422022757e-01 3.129463251314378e+00 
4 3 2.938215835266869e+00 -1.647660379545885e-03 -4.080500914468964e-01 3.112592061840297e+00 
5 1 2.959092399775333e+00 -1.017609855174325e-02 -5.392834943898227e-01 3.129211322667167e+00 
5 2 2.939266104770990e+00 4.550508552818654e-02 -4.822885662918512e-01 3.121313463210830e+00 
5 3 2.954776445185672e+00 4.921663971950128e-02 -5.616686422022757e-01 3.129463251314378e+00 
6 1 2.952007600191352e+00 1.559612553519592e-01 -5.024750031387706e-01 3.130851062576507e+00 
6 2 2.939011688175380e+00 1.749555455370754e-01 -3.674848561095522e-01 3.112522123077453e+00 
6 3 2.943137073573233e+00 1.582558567298618e-01 -5.276504230789878e-01 3.118181384348700e+00 
7 1 2.938262794683987e+00 7.297085041116326e-02 -3.965082017981880e-01 3.111691949516264e+00 
7 2 2.952007600191352e+00 1.559612553519592e-01 -5.024750031387706e-01 3.130851062576507e+00 
7 3 2.943137073573233e+00 1.582558567298618e-01 -5.276504230789878e-01 3.118181384348700e+00 
8 1 2.939011688175380e+00 1.749555455370754e-01 -3.674848561095522e-01 3.112522123077453e+00 
8 2 2.953993273946458e+00 2.107048594417317e-01 -4.601802141335741e-01 3.132052180899969e+00 
8 3 2.950542953023369e+00 2.061957599736179e-01 -5.258541402078992e-01 3.125364161303010e+00 
9 1 2.950542953023369e+00 2.061957599736179e-01 -5.258541402078992e-01 3.125364161303010e+00 
9 2 2.943137073573233e+00 1.582558567298618e-01 -5.276504230789878e-01 3.118181384348700e+00 
9 3 2.939011688175380e+00 1.749555455370754e-01 -3.674848561095522e-01 3.112522123077453e+00 
10 1 2.938262794683987e+00 7.297085041116326e-02 -3.965082017981880e-01 3.111691949516264e+00 
10 2 2.943137073573233e+00 1.582558567298618e-01 -5.276504230789878e-01 3.118181384348700e+00 
10 3 2.948825146585704e+00 1.424838033288285e-01 -5.796764681254605e-01 3.123405817248027e+00 
11 1 2.948825146585704e+00 1.424838033288285e-01 -5.796764681254605e-01 3.123405817248027e+00 
11 2 2.953888187781480e+00 8.740872338444121e-02 -5.738789910578982e-01 3.127973397369354e+00 
11 3 2.938262794683987e+00 7.297085041116326e-02 -3.965082017981880e-01 3.111691949516264e+00 
12 1 2.954776445185672e+00 4.921663971950128e-02 -5.616686422022757e-01 3.129463251314378e+00 
12 2 2.953888187781480e+00 8.740872338444121e-02 -5.738789910578982e-01 3.127973397369354e+00 
12 3 2.925162244808459e+00 4.551934815702487e-02 -5.442730264978757e-01 3.096887021756662e+00 
13 1 2.925162244808459e+00 4.551934815702487e-02 -5.442730264978757e-01 3.096887021756662e+00 
13 2 2.953888187781480e+00 8.740872338444121e-02 -5.738789910578982e-01 3.127973397369354e+00 
13 3 2.948825146585704e+00 1.424838033288285e-01 -5.796764681254605e-01 3.123405817248027e+00 
14 1 2.920628135893408e+00 9.176882242065797e-03 -5.553260439587449e-01 3.092519668498646e+00 
14 2 2.925162244808459e+00 4.551934815702487e-02 -5.442730264978757e-01 3.096887021756662e+00 
14 3 2.938782712520478e+00 1.465308470324896e-02 -6.244396148236548e-01 3.115912643881892e+00 
15 1 2.925162244808459e+00 4.551934815702487e-02 -5.442730264978757e-01 3.096887021756662e+00 
15 2 2.959092399775333e+00 -1.017609855174325e-02 -5.392834943898227e-01 3.129211322667167e+00 
15 3 2.954776445185672e+00 4.921663971950128e-02 -5.616686422022757e-01 3.129463251314378e+00 
16 1 2.959092399775333e+00 -1.017609855174325e-02 -5.392834943898227e-01 3.129211322667167e+00 
16 2 2.925162244808459e+00 4.551934815702487e-02 -5.442730264978757e-01 3.096887021756662e+00 
16 3 2.920628135893408e+00 9.176882242065797e-03 -5.553260439587449e-01 3.092519668498646e+00 
17 1 2.950148162683007e+00 2.558748810397614e-01 -4.332083368192721e-01 3.128509607863814e+00 
17 2 2.957869924811298e+00 2.814594410355555e-01 -4.214643494055091e-01 3.131696574360771e+00 
17 3 2.945255372795930e+00 2.864537356756831e-01 -4.183576774578174e-01 3.121061397735208e+00 
18 1 2.949061461300536e+00 3.238543729671266e-01 -3.909359853703152e-01 3.127577770345698e+00 
18 2 2.945255372795930e+00 2.864537356756831e-01 -4.183576774578174e-01 3.121061397735208e+00 
18 3 2.957869924811298e+00 2.814594410355555e-01 -4.214643494055091e-01 3.131696574360771e+00 
19 1 2.948825146585704e+00 1.424838033288285e-01 -5.796764681254605e-01 3.123405817248027e+00 
19 2 2.943137073573233e+00 1.582558567298618e-01 -5.276504230789878e-01 3.118181384348700e+00 
19 3 2.937954026145990e+00 1.854738599666471e-01 -5.471901596594377e-01 3.108668744863373e+00 
20 1 2.937954026145990e+00 1.854738599666471e-01 -5.471901596594377e-01 3.108668744863373e+00 
20 2 2.943137073573233e+00 1.582558567298618e-01 -5.276504230789878e-01 3.118181384348700e+00 
20 3 2.950542953023369e+00 2.061957599736179e-01 -5.258541402078992e-01 3.125364161303010e+00 
21 1 2.950148162683007e+00 2.558748810397614e-01 -4.332083368192721e-01 3.128509607863814e+00 
21 2 2.945255372795930e+00 2.864537356756831e-01 -4.183576774578174e-01 3.121061397735208e+00 
21 3 2.941171810241249e+00 2.550750020047879e-01 -4.455274994632136e-01 3.111409098660248e+00 
22 1 2.953993273946458e+00 2.107048594417317e-01 -4.601802141335741e-01 3.132052180899969e+00 
22 2 2.941171810241249e+00 2.550750020047879e-01 -4.455274994632136e-01 3.111409098660248e+00 
22 3 2.950542953023369e+00 2.061957599736179e-01 -5.258541402078992e-01 3.125364161303010e+00 
23 1 2.941171810241249e+00 2.550750020047879e-01 -4.455274994632136e-01 3.111409098660248e+00 
23 2 2.953993273946458e+00 2.107048594417317e-01 -4.601802141335741e-01 3.132052180899969e+00 
23 3 2.950148162683007e+00 2.558748810397614e-01 -4.332083368192721e-01 3.128509607863814e+00 
24 1 2.950542953023369e+00 2.061957599736179e-01 -5.258541402078992e-01 3.125364161303010e+00 
24 2 2.929928078412751e+00 2.646301829673731e-01 -5.150298407498979e-01 3.102459943778119e+00 
24 3 2.937954026145990e+00 1.854738599666471e-01 -5.471901596594377e-01 3.108668744863373e+00 
25 1 2.929928078412751e+00 2.646301829673731e-01 -5.150298407498979e-01 3.102459943778119e+00 
25 2 2.950542953023369e+00 2.061957599736179e-01 -5.258541402078992e-01 3.125364161303010e+00 
25 3 2.941171810241249e+00 2.550750020047879e-01 -4.455274994632136e-01 3.111409098660248e+00 
26 1 2.048630106431966e+00 -2.092684474855873e-02 -1.349381254865494e+00 2.283575667673979e+00 
26 2 2.230036399470124e+00 3.591875710999168e-02 -1.303930573533875e+00 2.464120654471240e+00 
26 3 2.131521934507052e+00 9.288418756687847e-02 -1.301626276766828e+00 2.360941404973193e+00 
27 1 2.020802601406291e+00 8.534901362481961e-02 -1.361387950762127e+00 2.254508963562865e+00 
27 2 2.048630106431966e+00 -2.092684474855873e-02 -1.349381254865494e+00 2.283575667673979e+00 
27 3 2.131521934507052e+00 9.288418756687847e-02 -1.301626276766828e+00 2.360941404973193e+00 
28 1 2.230036399470124e+00 3.591875710999168e-02 -1.303930573533875e+00 2.464120654471240e+00 
28 2 2.312396744550563e+00 -1.157760424825911e-02 -1.255102646257053e+00 2.531904812943826e+00 
28 3 2.275178358653035e+00 7.620229833380796e-02 -1.298637140259134e+00 2.500039503399600e+00 
29 1 2.275178358653035e+00 7.620229833380796e-02 -1.298637140259134e+00 2.500039503399600e+00 
29 2 2.131521934507052e+00 9.288418756687847e-02 -1.301626276766828e+00 2.360941404973193e+00 
29 3 2.230036399470124e+00 3.591875710999168e-02 -1.303930573533875e+00 2.464120654471240e+00 
30 1 2.124242472310991e+00 1.662281991259293e-01 -1.314701223766908e+00 2.355595989688358e+00 
30 2 2.020802601406291e+00 8.534901362481961e-02 -1.361387950762127e+00 2.254508963562865e+00 
30 3 2.131521934507052e+00 9.288418756687847e-02 -1.301626276766828e+00 2.360941404973193e+00 
31 1 2.020802601406291e+00 8.534901362481961e-02 -1.361387950762127e+00 2.254508963562865e+00 
31 2 2.124242472310991e+00 1.662281991259293e-01 -1.314701223766908e+00 2.355595989688358e+00 
31 3 2.005911763808119e+00 1.971145248948792e-01 -1.317002806922605e+00 2.239211563346866e+00 
32 1 2.938782712520478e+00 1.465308470324896e-02 -6.244396148236548e-01 3.115912643881892e+00 
32 2 2.925162244808459e+00 4.551934815702487e-02 -5.442730264978757e-01 3.096887021756662e+00 
32 3 2.906387505381909e+00 8.527141189696592e-02 -6.773817657472364e-01 3.085176693525808e+00 
33 1 2.866805779797754e+00 -1.901017517053516e-02 -6.782071107585332e-01 3.046883670354563e+00 
33 2 2.938782712520478e+00 1.465308470324896e-02 -6.244396148236548e-01 3.115912643881892e+00 
33 3 2.906387505381909e+00 8.527141189696592e-02 -6.773817657472364e-01 3.085176693525808e+00 
34 1 2.912805888976381e+00 1.120583358715859e-01 -5.599258580383868e-01 3.085292833368161e+00 
34 2 2.948825146585704e+00 1.424838033288285e-01 -5.796764681254605e-01 3.123405817248027e+00 
34 3 2.937954026145990e+00 1.854738599666471e-01 -5.471901596594377e-01 3.108668744863373e+00 
35 1 2.912805888976381e+00 1.120583358715859e-01 -5.599258580383868e-01 3.085292833368161e+00 
35 2 2.906387505381909e+00 8.527141189696592e-02 -6.773817657472364e-01 3.085176693525808e+00 
35 3 2.925162244808459e+00 4.551934815702487e-02 -5.442730264978757e-01 3.096887021756662e+00 
36 1 2.925162244808459e+00 4.551934815702487e-02 -5.442730264978757e-01 3.096887021756662e+00 
36 2 2.948825146585704e+00 1.424838033288285e-01 -5.796764681254605e-01 3.123405817248027e+00 
36 3 2.912805888976381e+00 1.120583358715859e-01 -5.599258580383868e-01 3.085292833368161e+00 
37 1 2.949061461300536e+00 3.238543729671266e-01 -3.909359853703152e-01 3.127577770345698e+00 
37 2 2.959108107297033e+00 3.507234049370504e-01 -3.961308456762169e-01 3.136447055555514e+00 
37 3 2.940566233513358e+00 3.070053221989157e-01 -3.681415822840388e-01 3.112363125524302e+00 
38 1 2.940566233513358e+00 3.070053221989157e-01 -3.681415822840388e-01 3.112363125524302e+00 
38 2 2.945255372795930e+00 2.864537356756831e-01 -4.183576774578174e-01 3.121061397735208e+00 
38 3 2.949061461300536e+00 3.238543729671266e-01 -3.909359853703152e-01 3.127577770345698e+00 
39 1 2.951064479578549e+00 3.662039563068445e-01 -3.531260231020185e-01 3.121279845283004e+00 
39 2 2.940566233513358e+00 3.070053221989157e-01 -3.681415822840388e-01 3.112363125524302e+00 
39 3 2.959108107297033e+00 3.507234049370504e-01 -3.961308456762169e-01 3.136447055555514e+00 
40 1 2.959108107297033e+00 3.507234049370504e-01 -3.961308456762169e-01 3.136447055555514e+00 
40 2 2.940133895947515e+00 3.511351444335072e-01 -3.211605103397765e-01 3.122139617721430e+00 
40 3 2.951064479578549e+00 3.662039563068445e-01 -3.531260231020185e-01 3.121279845283004e+00 
41 1 2.945255372795930e+00 2.864537356756831e-01 -4.183576774578174e-01 3.121061397735208e+00 
41 2 2.940566233513358e+00 3.070053221989157e-01 -3.681415822840388e-01 3.112363125524302e+00 
41 3 2.949991798998056e+00 3.564395844968902e-01 -4.745306692197555e-01 3.122007303788788e+00 
42 1 2.941171810241249e+00 2.550750020047879e-01 -4.455274994632136e-01 3.111409098660248e+00 
42 2 2.945255372795930e+00 2.864537356756831e-01 -4.183576774578174e-01 3.121061397735208e+00 
42 3 2.949991798998056e+00 3.564395844968902e-01 -4.745306692197555e-01 3.122007303788788e+00 
43 1 2.906719022606560e+00 2.135757804328798e-01 -5.840303854364700e-01 3.082493018658460e+00 
43 2 2.937954026145990e+00 1.854738599666471e-01 -5.471901596594377e-01 3.108668744863373e+00 
43 3 2.929928078412751e+00 2.646301829673731e-01 -5.150298407498979e-01 3.102459943778119e+00 
44 1 2.912805888976381e+00 1.120583358715859e-01 -5.599258580383868e-01 3.085292833368161e+00 
44 2 2.937954026145990e+00 1.854738599666471e-01 -5.471901596594377e-01 3.108668744863373e+00 
44 3 2.906719022606560e+00 2.135757804328798e-01 -5.840303854364700e-01 3.082493018658460e+00 
45 1 2.949991798998056e+00 3.564395844968902e-01 -4.745306692197555e-01 3.122007303788788e+00 
45 2 2.922504711283114e+00 3.126572871336611e-01 -5.334170012850009e-01 3.100507791994104e+00 
45 3 2.941171810241249e+00 2.550750020047879e-01 -4.455274994632136e-01 3.111409098660248e+00 
46 1 2.922504711283114e+00 3.126572871336611e-01 -5.334170012850009e-01 3.100507791994104e+00 
46 2 2.929928078412751e+00 2.646301829673731e-01 -5.150298407498979e-01 3.102459943778119e+00 
46 3 2.941171810241249e+00 2.550750020047879e-01 -4.455274994632136e-01 3.111409098660248e+00 
47 1 2.906719022606560e+00 2.135757804328798e-01 -5.840303854364700e-01 3.082493018658460e+00 
47 2 2.929928078412751e+00 2.646301829673731e-01 -5.150298407498979e-01 3.102459943778119e+00 
47 3 2.932993582729543e+00 2.880834506808845e-01 -5.528431206324992e-01 3.097947062860838e+00 
48 1 2.929928078412751e+00 2.646301829673731e-01 -5.150298407498979e-01 3.102459943778119e+00 
48 2 2.922504711283114e+00 3.126572871336611e-01 -5.334170012850009e-01 3.100507791994104e+00 
48 3 2.932993582729543e+00 2.880834506808845e-01 -5.528431206324992e-01 3.097947062860838e+00 
49 1 2.856111810808756e+00 1.663645846964783e-02 -7.768476365679550e-01 3.040657196677820e+00 
49 2 2.866805779797754e+00 -1.901017517053516e-02 -6.782071107585332e-01 3.046883670354563e+00 
49 3 2.842451526341829e+00 9.392463619124722e-02 -7.011420503184176e-01 3.023590818262972e+00 
50 1 2.866805779797754e+00 -1.901017517053516e-02 -6.782071107585332e-01 3.046883670354563e+00 
50 2 2.906387505381909e+00 8.527141189696592e-02 -6.773817657472364e-01 3.085176693525808e+00 
50 3 2.842451526341829e+00 9.392463619124722e-02 -7.011420503184176e-01 3.023590818262972e+00 
51 1 2.215643214657965e+00 1.489889500594699e-01 -1.314421842705617e+00 2.456109464863604e+00 
51 2 2.131521934507052e+00 9.288418756687847e-02 -1.301626276766828e+00 2.360941404973193e+00 
51 3 2.275178358653035e+00 7.620229833380796e-02 -1.298637140259134e+00 2.500039503399600e+00 
52 1 2.131521934507052e+00 9.288418756687847e-02 -1.301626276766828e+00 2.360941404973193e+00 
52 2 2.215643214657965e+00 1.489889500594699e-01 -1.314421842705617e+00 2.456109464863604e+00 
52 3 2.124242472310991e+00 1.662281991259293e-01 -1.314701223766908e+00 2.355595989688358e+00 
53 1 2.312396744550563e+00 -1.157760424825911e-02 -1.255102646257053e+00 2.531904812943826e+00 
53 2 2.531596419628380e+00 9.551906963634848e-03 -1.162595901530264e+00 2.746011717613811e+00 
53 3 2.417976462828200e+00 1.066810216842861e-01 -1.190271275798830e+00 2.639712629351373e+00 
54 1 2.312396744550563e+00 -1.157760424825911e-02 -1.255102646257053e+00 2.531904812943826e+00 
54 2 2.417976462828200e+00 1.066810216842861e-01 -1.190271275798830e+00 2.639712629351373e+00 
54 3 2.275178358653035e+00 7.620229833380796e-02 -1.298637140259134e+00 2.500039503399600e+00 
55 1 2.215643214657965e+00 1.489889500594699e-01 -1.314421842705617e+00 2.456109464863604e+00 
55 2 2.275178358653035e+00 7.620229833380796e-02 -1.298637140259134e+00 2.500039503399600e+00 
55 3 2.356816279110386e+00 1.759604749457825e-01 -1.195039366111934e+00 2.565475683578076e+00 
56 1 2.356816279110386e+00 1.759604749457825e-01 -1.195039366111934e+00 2.565475683578076e+00 
56 2 2.275178358653035e+00 7.620229833380796e-02 -1.298637140259134e+00 2.500039503399600e+00 
56 3 2.417976462828200e+00 1.066810216842861e-01 -1.190271275798830e+00 2.639712629351373e+00 
57 1 2.767061730069622e+00 -6.446200377184757e-03 -8.955881457686733e-01 2.960180155272046e+00 
57 2 2.856111810808756e+00 1.663645846964783e-02 -7.768476365679550e-01 3.040657196677820e+00 
57 3 2.801632494118663e+00 1.209332464713691e-01 -8.818214663443644e-01 2.985785322435046e+00 
58 1 2.842451526341829e+00 9.392463619124722e-02 -7.011420503184176e-01 3.023590818262972e+00 
58 2 2.801632494118663e+00 1.209332464713691e-01 -8.818214663443644e-01 2.985785322435046e+00 
58 3 2.856111810808756e+00 1.663645846964783e-02 -7.768476365679550e-01 3.040657196677820e+00 
59 1 2.767061730069622e+00 -6.446200377184757e-03 -8.955881457686733e-01 2.960180155272046e+00 
59 2 2.696804825081844e+00 1.159508314061575e-01 -9.447484015524736e-01 2.899660499476523e+00 
59 3 2.638196559098339e+00 2.129822359333013e-03 -1.033126741180259e+00 2.834412841795711e+00 
60 1 2.801632494118663e+00 1.209332464713691e-01 -8.818214663443644e-01 2.985785322435046e+00 
60 2 2.696804825081844e+00 1.159508314061575e-01 -9.447484015524736e-01 2.899660499476523e+00 
60 3 2.767061730069622e+00 -6.446200377184757e-03 -8.955881457686733e-01 2.960180155272046e+00 
61 1 2.588377526069907e+00 1.176136330423418e-01 -1.137616766622902e+00 2.793417368696876e+00 
61 2 2.417976462828200e+00 1.066810216842861e-01 -1.190271275798830e+00 2.639712629351373e+00 
61 3 2.531596419628380e+00 9.551906963634848e-03 -1.162595901530264e+00 2.746011717613811e+00 
62 1 2.638196559098339e+00 2.129822359333013e-03 -1.033126741180259e+00 2.834412841795711e+00 
62 2 2.696804825081844e+00 1.159508314061575e-01 -9.447484015524736e-01 2.899660499476523e+00 
62 3 2.588377526069907e+00 1.176136330423418e-01 -1.137616766622902e+00 2.793417368696876e+00 
63 1 2.531596419628380e+00 9.551906963634848e-03 -1.162595901530264e+00 2.746011717613811e+00 
63 2 2.638196559098339e+00 2.129822359333013e-03 -1.033126741180259e+00 2.834412841795711e+00 
63 3 2.588377526069907e+00 1.176136330423418e-01 -1.137616766622902e+00 2.793417368696876e+00 
64 1 1.965440439576840e+00 3.713805922237168e-01 -1.287708711527449e+00 2.200837422321119e+00 
64 2 2.011677751205057e+00 3.177296674469051e-01 -1.316756611736159e+00 2.246472777544794e+00 
64 3 2.123492389289042e+00 2.619972656006211e-01 -1.306445501467550e+00 2.353850807497415e+00 
65 1 2.011677751205057e+00 3.177296674469051e-01 -1.316756611736159e+00 2.246472777544794e+00 
65 2 2.005911763808119e+00 1.971145248948792e-01 -1.317002806922605e+00 2.239211563346866e+00 
65 3 2.123492389289042e+00 2.619972656006211e-01 -1.306445501467550e+00 2.353850807497415e+00 
66 1 2.124242472310991e+00 1.662281991259293e-01 -1.314701223766908e+00 2.355595989688358e+00 
66 2 2.123492389289042e+00 2.619972656006211e-01 -1.306445501467550e+00 2.353850807497415e+00 
66 3 2.005911763808119e+00 1.971145248948792e-01 -1.317002806922605e+00 2.239211563346866e+00 
67 1 2.215643214657965e+00 1.489889500594699e-01 -1.314421842705617e+00 2.456109464863604e+00 
67 2 2.123492389289042e+00 2.619972656006211e-01 -1.306445501467550e+00 2.353850807497415e+00 
67 3 2.124242472310991e+00 1.662281991259293e-01 -1.314701223766908e+00 2.355595989688358e+00 
68 1 2.842451526341829e+00 9.392463619124722e-02 -7.011420503184176e-01 3.023590818262972e+00 
68 2 2.906387505381909e+00 8.527141189696592e-02 -6.773817657472364e-01 3.085176693525808e+00 
68 3 2.890679474208989e+00 2.221749846373479e-01 -6.941571983087809e-01 3.075357586433485e+00 
69 1 2.906719022606560e+00 2.135757804328798e-01 -5.840303854364700e-01 3.082493018658460e+00 
69 2 2.890679474208989e+00 2.221749846373479e-01 -6.941571983087809e-01 3.075357586433485e+00 
69 3 2.912805888976381e+00 1.120583358715859e-01 -5.599258580383868e-01 3.085292833368161e+00 
70 1 2.890679474208989e+00 2.221749846373479e-01 -6.941571983087809e-01 3.075357586433485e+00 
70 2 2.906387505381909e+00 8.527141189696592e-02 -6.773817657472364e-01 3.085176693525808e+00 
70 3 2.912805888976381e+00 1.120583358715859e-01 -5.599258580383868e-01 3.085292833368161e+00 
71 1 2.940133895947515e+00 3.511351444335072e-01 -3.211605103397765e-01 3.122139617721430e+00 
71 2 2.959241076797145e+00 3.852348145737457e-01 -3.332161786819692e-01 3.134255798932463e+00 
71 3 2.949414063019193e+00 3.866515160972160e-01 -3.455822690334599e-01 3.119887559988264e+00 
72 1 2.949414063019193e+00 3.866515160972160e-01 -3.455822690334599e-01 3.119887559988264e+00 
72 2 2.951064479578549e+00 3.662039563068445e-01 -3.531260231020185e-01 3.121279845283004e+00 
72 3 2.940133895947515e+00 3.511351444335072e-01 -3.211605103397765e-01 3.122139617721430e+00 
73 1 2.940566233513358e+00 3.070053221989157e-01 -3.681415822840388e-01 3.112363125524302e+00 
73 2 2.951064479578549e+00 3.662039563068445e-01 -3.531260231020185e-01 3.121279845283004e+00 
73 3 2.933707688156352e+00 3.824088120558658e-01 -4.345944455566317e-01 3.114452585336401e+00 
74 1 2.951064479578549e+00 3.662039563068445e-01 -3.531260231020185e-01 3.121279845283004e+00 
74 2 2.949414063019193e+00 3.866515160972160e-01 -3.455822690334599e-01 3.119887559988264e+00 
74 3 2.933707688156352e+00 3.824088120558658e-01 -4.345944455566317e-01 3.114452585336401e+00 
75 1 2.933707688156352e+00 3.824088120558658e-01 -4.345944455566317e-01 3.114452585336401e+00 
75 2 2.949991798998056e+00 3.564395844968902e-01 -4.745306692197555e-01 3.122007303788788e+00 
75 3 2.940566233513358e+00 3.070053221989157e-01 -3.681415822840388e-01 3.112363125524302e+00 
76 1 2.949991798998056e+00 3.564395844968902e-01 -4.745306692197555e-01 3.122007303788788e+00 
76 2 2.933707688156352e+00 3.824088120558658e-01 -4.345944455566317e-01 3.114452585336401e+00 
76 3 2.933437995876889e+00 3.766022918544897e-01 -4.375587323615708e-01 3.098102912438425e+00 
77 1 2.922504711283114e+00 3.126572871336611e-01 -5.334170012850009e-01 3.100507791994104e+00 
77 2 2.949991798998056e+00 3.564395844968902e-01 -4.745306692197555e-01 3.122007303788788e+00 
77 3 2.933437995876889e+00 3.766022918544897e-01 -4.375587323615708e-01 3.098102912438425e+00 
78 1 2.870853347486052e+00 2.899377561370521e-01 -5.815225792746217e-01 3.063491523166898e+00 
78 2 2.890679474208989e+00 2.221749846373479e-01 -6.941571983087809e-01 3.075357586433485e+00 
78 3 2.906719022606560e+00 2.135757804328798e-01 -5.840303854364700e-01 3.082493018658460e+00 
79 1 2.932993582729543e+00 2.880834506808845e-01 -5.528431206324992e-01 3.097947062860838e+00 
79 2 2.870853347486052e+00 2.899377561370521e-01 -5.815225792746217e-01 3.063491523166898e+00 
79 3 2.906719022606560e+00 2.135757804328798e-01 -5.840303854364700e-01 3.082493018658460e+00 
80 1 2.933437995876889e+00 3.766022918544897e-01 -4.375587323615708e-01 3.098102912438425e+00 
80 2 2.895583407776056e+00 3.512801337533395e-01 -5.065525865586186e-01 3.072227466563612e+00 
80 3 2.922504711283114e+00 3.126572871336611e-01 -5.334170012850009e-01 3.100507791994104e+00 
81 1 2.932993582729543e+00 2.880834506808845e-01 -5.528431206324992e-01 3.097947062860838e+00 
81 2 2.922504711283114e+00 3.126572871336611e-01 -5.334170012850009e-01 3.100507791994104e+00 
81 3 2.895583407776056e+00 3.512801337533395e-01 -5.065525865586186e-01 3.072227466563612e+00 
82 1 2.932993582729543e+00 2.880834506808845e-01 -5.528431206324992e-01 3.097947062860838e+00 
82 2 2.895583407776056e+00 3.512801337533395e-01 -5.065525865586186e-01 3.072227466563612e+00 
82 3 2.870853347486052e+00 2.899377561370521e-01 -5.815225792746217e-01 3.063491523166898e+00 
83 1 2.959241076797145e+00 3.852348145737457e-01 -3.332161786819692e-01 3.134255798932463e+00 
83 2 2.950802820214641e+00 3.997978850080047e-01 -2.637446244737419e-01 3.123322329453484e+00 
83 3 2.936392605400903e+00 4.320957296579040e-01 -3.124459787391320e-01 3.114985048466492e+00 
84 1 2.959241076797145e+00 3.852348145737457e-01 -3.332161786819692e-01 3.134255798932463e+00 
84 2 2.936392605400903e+00 4.320957296579040e-01 -3.124459787391320e-01 3.114985048466492e+00 
84 3 2.949414063019193e+00 3.866515160972160e-01 -3.455822690334599e-01 3.119887559988264e+00 
85 1 2.842451526341829e+00 9.392463619124722e-02 -7.011420503184176e-01 3.023590818262972e+00 
85 2 2.827306326840948e+00 2.032713121984042e-01 -7.257053582270060e-01 3.007587508926656e+00 
85 3 2.801632494118663e+00 1.209332464713691e-01 -8.818214663443644e-01 2.985785322435046e+00 
86 1 2.890679474208989e+00 2.221749846373479e-01 -6.941571983087809e-01 3.075357586433485e+00 
86 2 2.827306326840948e+00 2.032713121984042e-01 -7.257053582270060e-01 3.007587508926656e+00 
86 3 2.842451526341829e+00 9.392463619124722e-02 -7.011420503184176e-01 3.023590818262972e+00 
87 1 2.934973007579448e+00 4.028177961337301e-01 -1.514068663184057e-01 3.109736918594655e+00 
87 2 2.935766574451118e+00 4.822352866722154e-01 -1.402824229380993e-01 3.134624735616643e+00 
87 3 2.967274388863946e+00 5.427806674869213e-01 -2.063401573571908e-01 3.129149617836027e+00 
88 1 2.289646586000223e+00 2.804989729633053e-01 -1.231214750564562e+00 2.511784280586812e+00 
88 2 2.123492389289042e+00 2.619972656006211e-01 -1.306445501467550e+00 2.353850807497415e+00 
88 3 2.215643214657965e+00 1.489889500594699e-01 -1.314421842705617e+00 2.456109464863604e+00 
89 1 2.356816279110386e+00 1.759604749457825e-01 -1.195039366111934e+00 2.565475683578076e+00 
89 2 2.289646586000223e+00 2.804989729633053e-01 -1.231214750564562e+00 2.511784280586812e+00 
89 3 2.215643214657965e+00 1.489889500594699e-01 -1.314421842705617e+00 2.456109464863604e+00 
90 1 2.417976462828200e+00 1.066810216842861e-01 -1.190271275798830e+00 2.639712629351373e+00 
90 2 2.588377526069907e+00 1.176136330423418e-01 -1.137616766622902e+00 2.793417368696876e+00 
90 3 2.468195571651051e+00 2.679759345475544e-01 -1.201841336325071e+00 2.694137133185130e+00 
91 1 2.417976462828200e+00 1.066810216842861e-01 -1.190271275798830e+00 2.639712629351373e+00 
91 2 2.468195571651051e+00 2.679759345475544e-01 -1.201841336325071e+00 2.694137133185130e+00 
91 3 2.356816279110386e+00 1.759604749457825e-01 -1.195039366111934e+00 2.565475683578076e+00 
92 1 2.468195571651051e+00 2.679759345475544e-01 -1.201841336325071e+00 2.694137133185130e+00 
92 2 2.289646586000223e+00 2.804989729633053e-01 -1.231214750564562e+00 2.511784280586812e+00 
92 3 2.356816279110386e+00 1.759604749457825e-01 -1.195039366111934e+00 2.565475683578076e+00 
93 1 2.696804825081844e+00 1.159508314061575e-01 -9.447484015524736e-01 2.899660499476523e+00 
93 2 2.801632494118663e+00 1.209332464713691e-01 -8.818214663443644e-01 2.985785322435046e+00 
93 3 2.760097497048014e+00 2.650569686583335e-01 -9.233219929985690e-01 2.961016185505081e+00 
94 1 2.827306326840948e+00 2.032713121984042e-01 -7.257053582270060e-01 3.007587508926656e+00 
94 2 2.760097497048014e+00 2.650569686583335e-01 -9.233219929985690e-01 2.961016185505081e+00 
94 3 2.801632494118663e+00 1.209332464713691e-01 -8.818214663443644e-01 2.985785322435046e+00 
95 1 2.619313289315284e+00 2.510124042537186e-01 -9.834791699760326e-01 2.810201161088819e+00 
95 2 2.588377526069907e+00 1.176136330423418e-01 -1.137616766622902e+00 2.793417368696876e+00 
95 3 2.696804825081844e+00 1.159508314061575e-01 -9.447484015524736e-01 2.899660499476523e+00 
96 1 2.619313289315284e+00 2.510124042537186e-01 -9.834791699760326e-01 2.810201161088819e+00 
96 2 2.696804825081844e+00 1.159508314061575e-01 -9.447484015524736e-01 2.899660499476523e+00 
96 3 2.760097497048014e+00 2.650569686583335e-01 -9.233219929985690e-01 2.961016185505081e+00 
97 1 2.588377526069907e+00 1.176136330423418e-01 -1.137616766622902e+00 2.793417368696876e+00 
97 2 2.619313289315284e+00 2.510124042537186e-01 -9.834791699760326e-01 2.810201161088819e+00 
97 3 2.468195571651051e+00 2.679759345475544e-01 -1.201841336325071e+00 2.694137133185130e+00 
98 1 2.044098577609251e+00 5.121456561846590e-01 -1.244170079918285e+00 2.272192805161062e+00 
98 2 1.965440439576840e+00 3.713805922237168e-01 -1.287708711527449e+00 2.200837422321119e+00 
98 3 2.176285664883464e+00 4.273286960511082e-01 -1.255407045038358e+00 2.414262212940612e+00 
99 1 2.176285664883464e+00 4.273286960511082e-01 -1.255407045038358e+00 2.414262212940612e+00 
99 2 2.123492389289042e+00 2.619972656006211e-01 -1.306445501467550e+00 2.353850807497415e+00 
99 3 2.289646586000223e+00 2.804989729633053e-01 -1.231214750564562e+00 2.511784280586812e+00 
100 1 2.123492389289042e+00 2.619972656006211e-01 -1.306445501467550e+00 2.353850807497415e+00 
100 2 2.176285664883464e+00 4.273286960511082e-01 -1.255407045038358e+00 2.414262212940612e+00 
100 3 1.965440439576840e+00 3.713805922237168e-01 -1.287708711527449e+00 2.200837422321119e+00 
101 1 1.969108619544191e+00 5.894519312856887e-01 -1.237139790145690e+00 2.212076791081966e+00 
101 2 2.044098577609251e+00 5.121456561846590e-01 -1.244170079918285e+00 2.272192805161062e+00 
101 3 2.089182866095441e+00 4.905175964522837e-01 -1.222662098826740e+00 2.321285747905380e+00 
102 1 2.044098577609251e+00 5.121456561846590e-01 -1.244170079918285e+00 2.272192805161062e+00 
102 2 2.176285664883464e+00 4.273286960511082e-01 -1.255407045038358e+00 2.414262212940612e+00 
102 3 2.089182866095441e+00 4.905175964522837e-01 -1.222662098826740e+00 2.321285747905380e+00 
103 1 2.952831177978039e+00 4.802509632445819e-01 -3.187571332129704e-01 3.125086807053238e+00 
103 2 2.936392605400903e+00 4.320957296579040e-01 -3.124459787391320e-01 3.114985048466492e+00 
103 3 2.950802820214641e+00 3.997978850080047e-01 -2.637446244737419e-01 3.123322329453484e+00 
104 1 2.950802820214641e+00 3.997978850080047e-01 -2.637446244737419e-01 3.123322329453484e+00 
104 2 2.941011609923025e+00 4.000717790480734e-01 -2.218116871854482e-01 3.123369891915853e+00 
104 3 2.952831177978039e+00 4.802509632445819e-01 -3.187571332129704e-01 3.125086807053238e+00 
105 1 2.890679474208989e+00 2.221749846373479e-01 -6.941571983087809e-01 3.075357586433485e+00 
105 2 2.870853347486052e+00 2.899377561370521e-01 -5.815225792746217e-01 3.063491523166898e+00 
105 3 2.861013888916171e+00 3.244239005540115e-01 -6.898320907052164e-01 3.030583806030146e+00 
106 1 2.861013888916171e+00 3.244239005540115e-01 -6.898320907052164e-01 3.030583806030146e+00 
106 2 2.827306326840948e+00 2.032713121984042e-01 -7.257053582270060e-01 3.007587508926656e+00 
106 3 2.890679474208989e+00 2.221749846373479e-01 -6.941571983087809e-01 3.075357586433485e+00 
107 1 2.936416050494770e+00 4.386965772165842e-01 -4.167481971472624e-01 3.106685355143033e+00 
107 2 2.933707688156352e+00 3.824088120558658e-01 -4.345944455566317e-01 3.114452585336401e+00 
107 3 2.949414063019193e+00 3.866515160972160e-01 -3.455822690334599e-01 3.119887559988264e+00 
108 1 2.933437995876889e+00 3.766022918544897e-01 -4.375587323615708e-01 3.098102912438425e+00 
108 2 2.933707688156352e+00 3.824088120558658e-01 -4.345944455566317e-01 3.114452585336401e+00 
108 3 2.936416050494770e+00 4.386965772165842e-01 -4.167481971472624e-01 3.106685355143033e+00 
109 1 2.936392605400903e+00 4.320957296579040e-01 -3.124459787391320e-01 3.114985048466492e+00 
109 2 2.936416050494770e+00 4.386965772165842e-01 -4.167481971472624e-01 3.106685355143033e+00 
109 3 2.949414063019193e+00 3.866515160972160e-01 -3.455822690334599e-01 3.119887559988264e+00 
110 1 2.933437995876889e+00 3.766022918544897e-01 -4.375587323615708e-01 3.098102912438425e+00 
110 2 2.896778584294087e+00 4.035236642858644e-01 -4.660345581168556e-01 3.079106397184759e+00 
110 3 2.895583407776056e+00 3.512801337533395e-01 -5.065525865586186e-01 3.072227466563612e+00 
111 1 2.936416050494770e+00 4.386965772165842e-01 -4.167481971472624e-01 3.106685355143033e+00 
111 2 2.896778584294087e+00 4.035236642858644e-01 -4.660345581168556e-01 3.079106397184759e+00 
111 3 2.933437995876889e+00 3.766022918544897e-01 -4.375587323615708e-01 3.098102912438425e+00 
112 1 2.870853347486052e+00 2.899377561370521e-01 -5.815225792746217e-01 3.063491523166898e+00 
112 2 2.895583407776056e+00 3.512801337533395e-01 -5.065525865586186e-01 3.072227466563612e+00 
112 3 2.887139763217839e+00 4.298416539136792e-01 -6.264362183689650e-01 3.074158295821465e+00 
113 1 2.887139763217839e+00 4.298416539136792e-01 -6.264362183689650e-01 3.074158295821465e+00 
113 2 2.861013888916171e+00 3.244239005540115e-01 -6.898320907052164e-01 3.030583806030146e+00 
113 3 2.870853347486052e+00 2.899377561370521e-01 -5.815225792746217e-01 3.063491523166898e+00 
114 1 2.887139763217839e+00 4.298416539136792e-01 -6.264362183689650e-01 3.074158295821465e+00 
114 2 2.895583407776056e+00 3.512801337533395e-01 -5.065525865586186e-01 3.072227466563612e+00 
114 3 2.896778584294087e+00 4.035236642858644e-01 -4.660345581168556e-01 3.079106397184759e+00 
115 1 2.936416050494770e+00 4.386965772165842e-01 -4.167481971472624e-01 3.106685355143033e+00 
115 2 2.936392605400903e+00 4.320957296579040e-01 -3.124459787391320e-01 3.114985048466492e+00 
115 3 2.931824418237167e+00 4.411254873235265e-01 -3.392957778073421e-01 3.099694838860721e+00 
116 1 2.952831177978039e+00 4.802509632445819e-01 -3.187571332129704e-01 3.125086807053238e+00 
116 2 2.931824418237167e+00 4.411254873235265e-01 -3.392957778073421e-01 3.099694838860721e+00 
116 3 2.936392605400903e+00 4.320957296579040e-01 -3.124459787391320e-01 3.114985048466492e+00 
117 1 2.760097497048014e+00 2.650569686583335e-01 -9.233219929985690e-01 2.961016185505081e+00 
117 2 2.827306326840948e+00 2.032713121984042e-01 -7.257053582270060e-01 3.007587508926656e+00 
117 3 2.783324898109126e+00 3.684734265971876e-01 -7.750110455184915e-01 2.977573120964899e+00 
118 1 2.827306326840948e+00 2.032713121984042e-01 -7.257053582270060e-01 3.007587508926656e+00 
118 2 2.861013888916171e+00 3.244239005540115e-01 -6.898320907052164e-01 3.030583806030146e+00 
118 3 2.783324898109126e+00 3.684734265971876e-01 -7.750110455184915e-01 2.977573120964899e+00 
119 1 2.935766574451118e+00 4.822352866722154e-01 -1.402824229380993e-01 3.134624735616643e+00 
119 2 2.949272872515530e+00 4.861422920918818e-01 -9.322835918418952e-02 3.111445606464903e+00 
119 3 2.967274388863946e+00 5.427806674869213e-01 -2.063401573571908e-01 3.129149617836027e+00 
120 1 2.949272872515530e+00 4.861422920918818e-01 -9.322835918418952e-02 3.111445606464903e+00 
120 2 2.935766574451118e+00 4.822352866722154e-01 -1.402824229380993e-01 3.134624735616643e+00 
120 3 2.963820925563030e+00 5.184327730522090e-01 -1.470055682074536e-01 3.133355866012500e+00 
121 1 2.942684805229578e+00 5.271851041554509e-01 -8.727693698500674e-02 3.118545657148655e+00 
121 2 2.949272872515530e+00 4.861422920918818e-01 -9.322835918418952e-02 3.111445606464903e+00 
121 3 2.963820925563030e+00 5.184327730522090e-01 -1.470055682074536e-01 3.133355866012500e+00 
122 1 2.963820925563030e+00 5.184327730522090e-01 -1.470055682074536e-01 3.133355866012500e+00 
122 2 2.940232611369644e+00 4.725321719352764e-01 -3.532860302998869e-02 3.126628269257510e+00 
122 3 2.942684805229578e+00 5.271851041554509e-01 -8.727693698500674e-02 3.118545657148655e+00 
123 1 2.950401892736512e+00 5.348292333464397e-01 -4.304075796907615e-02 3.135629004233247e+00 
123 2 2.946524802918054e+00 4.873984203202241e-01 3.458004314129475e-02 3.129329514793897e+00 
123 3 2.961816458586505e+00 5.296476043973922e-01 -7.423982324878388e-02 3.119991760349468e+00 
124 1 2.940232611369644e+00 4.725321719352764e-01 -3.532860302998869e-02 3.126628269257510e+00 
124 2 2.961816458586505e+00 5.296476043973922e-01 -7.423982324878388e-02 3.119991760349468e+00 
124 3 2.942684805229578e+00 5.271851041554509e-01 -8.727693698500674e-02 3.118545657148655e+00 
125 1 2.961816458586505e+00 5.296476043973922e-01 -7.423982324878388e-02 3.119991760349468e+00 
125 2 2.940232611369644e+00 4.725321719352764e-01 -3.532860302998869e-02 3.126628269257510e+00 
125 3 2.950401892736512e+00 5.348292333464397e-01 -4.304075796907615e-02 3.135629004233247e+00 
126 1 2.915123391979877e+00 5.221329555157298e-01 -1.481326939603033e-01 3.096014471037078e+00 
126 2 2.967274388863946e+00 5.427806674869213e-01 -2.063401573571908e-01 3.129149617836027e+00 
126 3 2.949272872515530e+00 4.861422920918818e-01 -9.322835918418952e-02 3.111445606464903e+00 
127 1 2.967274388863946e+00 5.427806674869213e-01 -2.063401573571908e-01 3.129149617836027e+00 
127 2 2.915123391979877e+00 5.221329555157298e-01 -1.481326939603033e-01 3.096014471037078e+00 
127 3 2.942266474900881e+00 5.080006979499250e-01 -1.979220121559247e-01 3.118870995397856e+00 
128 1 2.934973007579448e+00 4.028177961337301e-01 -1.514068663184057e-01 3.109736918594655e+00 
128 2 2.967274388863946e+00 5.427806674869213e-01 -2.063401573571908e-01 3.129149617836027e+00 
128 3 2.942266474900881e+00 5.080006979499250e-01 -1.979220121559247e-01 3.118870995397856e+00 
129 1 2.942266474900881e+00 5.080006979499250e-01 -1.979220121559247e-01 3.118870995397856e+00 
129 2 2.966288347388561e+00 5.045229048717208e-01 -2.246537953078007e-01 3.140429332391598e+00 
129 3 2.934973007579448e+00 4.028177961337301e-01 -1.514068663184057e-01 3.109736918594655e+00 
130 1 2.941011609923025e+00 4.000717790480734e-01 -2.218116871854482e-01 3.123369891915853e+00 
130 2 2.966288347388561e+00 5.045229048717208e-01 -2.246537953078007e-01 3.140429332391598e+00 
130 3 2.936133694635387e+00 4.565870631595285e-01 -2.538094412031642e-01 3.106517906420060e+00 
131 1 2.936133694635387e+00 4.565870631595285e-01 -2.538094412031642e-01 3.106517906420060e+00 
131 2 2.952831177978039e+00 4.802509632445819e-01 -3.187571332129704e-01 3.125086807053238e+00 
131 3 2.941011609923025e+00 4.000717790480734e-01 -2.218116871854482e-01 3.123369891915853e+00 
132 1 2.966288347388561e+00 5.045229048717208e-01 -2.246537953078007e-01 3.140429332391598e+00 
132 2 2.942266474900881e+00 5.080006979499250e-01 -1.979220121559247e-01 3.118870995397856e+00 
132 3 2.936133694635387e+00 4.565870631595285e-01 -2.538094412031642e-01 3.106517906420060e+00 
133 1 2.176285664883464e+00 4.273286960511082e-01 -1.255407045038358e+00 2.414262212940612e+00 
133 2 2.289646586000223e+00 2.804989729633053e-01 -1.231214750564562e+00 2.511784280586812e+00 
133 3 2.374544853368230e+00 3.870923184635945e-01 -1.150475226746739e+00 2.586379733935302e+00 
134 1 2.289646586000223e+00 2.804989729633053e-01 -1.231214750564562e+00 2.511784280586812e+00 
134 2 2.468195571651051e+00 2.679759345475544e-01 -1.201841336325071e+00 2.694137133185130e+00 
134 3 2.374544853368230e+00 3.870923184635945e-01 -1.150475226746739e+00 2.586379733935302e+00 
135 1 2.468195571651051e+00 2.679759345475544e-01 -1.201841336325071e+00 2.694137133185130e+00 
135 2 2.569598944955280e+00 4.097459488184789e-01 -1.063325770867694e+00 2.782957930098743e+00 
135 3 2.374544853368230e+00 3.870923184635945e-01 -1.150475226746739e+00 2.586379733935302e+00 
136 1 2.468195571651051e+00 2.679759345475544e-01 -1.201841336325071e+00 2.694137133185130e+00 
136 2 2.619313289315284e+00 2.510124042537186e-01 -9.834791699760326e-01 2.810201161088819e+00 
136 3 2.569598944955280e+00 4.097459488184789e-01 -1.063325770867694e+00 2.782957930098743e+00 
137 1 2.703803657753992e+00 4.084644410684039e-01 -8.986300967642002e-01 2.898987145414104e+00 
137 2 2.760097497048014e+00 2.650569686583335e-01 -9.233219929985690e-01 2.961016185505081e+00 
137 3 2.783324898109126e+00 3.684734265971876e-01 -7.750110455184915e-01 2.977573120964899e+00 
138 1 2.703803657753992e+00 4.084644410684039e-01 -8.986300967642002e-01 2.898987145414104e+00 
138 2 2.569598944955280e+00 4.097459488184789e-01 -1.063325770867694e+00 2.782957930098743e+00 
138 3 2.619313289315284e+00 2.510124042537186e-01 -9.834791699760326e-01 2.810201161088819e+00 
139 1 2.760097497048014e+00 2.650569686583335e-01 -9.233219929985690e-01 2.961016185505081e+00 
139 2 2.703803657753992e+00 4.084644410684039e-01 -8.986300967642002e-01 2.898987145414104e+00 
139 3 2.619313289315284e+00 2.510124042537186e-01 -9.834791699760326e-01 2.810201161088819e+00 
140 1 2.046950477673295e+00 6.671368808143984e-01 -1.150493996179758e+00 2.275697871075895e+00 
140 2 1.969108619544191e+00 5.894519312856887e-01 -1.237139790145690e+00 2.212076791081966e+00 
140 3 2.147093030392071e+00 6.318738983118157e-01 -1.156878027866150e+00 2.377828980551952e+00 
141 1 2.089182866095441e+00 4.905175964522837e-01 -1.222662098826740e+00 2.321285747905380e+00 
141 2 2.147093030392071e+00 6.318738983118157e-01 -1.156878027866150e+00 2.377828980551952e+00 
141 3 1.969108619544191e+00 5.894519312856887e-01 -1.237139790145690e+00 2.212076791081966e+00 
142 1 2.374544853368230e+00 3.870923184635945e-01 -1.150475226746739e+00 2.586379733935302e+00 
142 2 2.260804375510424e+00 5.440996230351608e-01 -1.176581941778399e+00 2.486592414722236e+00 
142 3 2.176285664883464e+00 4.273286960511082e-01 -1.255407045038358e+00 2.414262212940612e+00 
143 1 2.260804375510424e+00 5.440996230351608e-01 -1.176581941778399e+00 2.486592414722236e+00 
143 2 2.147093030392071e+00 6.318738983118157e-01 -1.156878027866150e+00 2.377828980551952e+00 
143 3 2.089182866095441e+00 4.905175964522837e-01 -1.222662098826740e+00 2.321285747905380e+00 
144 1 2.089182866095441e+00 4.905175964522837e-01 -1.222662098826740e+00 2.321285747905380e+00 
144 2 2.176285664883464e+00 4.273286960511082e-01 -1.255407045038358e+00 2.414262212940612e+00 
144 3 2.260804375510424e+00 5.440996230351608e-01 -1.176581941778399e+00 2.486592414722236e+00 
145 1 1.956311552674779e+00 7.413009352832547e-01 -1.147748414121166e+00 2.196494101933590e+00 
145 2 2.046950477673295e+00 6.671368808143984e-01 -1.150493996179758e+00 2.275697871075895e+00 
145 3 2.106662500611791e+00 6.856662946360165e-01 -1.141482929718932e+00 2.342134188265184e+00 
146 1 2.046950477673295e+00 6.671368808143984e-01 -1.150493996179758e+00 2.275697871075895e+00 
146 2 2.147093030392071e+00 6.318738983118157e-01 -1.156878027866150e+00 2.377828980551952e+00 
146 3 2.106662500611791e+00 6.856662946360165e-01 -1.141482929718932e+00 2.342134188265184e+00 
147 1 2.952831177978039e+00 4.802509632445819e-01 -3.187571332129704e-01 3.125086807053238e+00 
147 2 2.936133694635387e+00 4.565870631595285e-01 -2.538094412031642e-01 3.106517906420060e+00 
147 3 2.930398401726064e+00 5.427252427767478e-01 -2.769757880463269e-01 3.105360884584680e+00 
148 1 2.930398401726064e+00 5.427252427767478e-01 -2.769757880463269e-01 3.105360884584680e+00 
148 2 2.931824418237167e+00 4.411254873235265e-01 -3.392957778073421e-01 3.099694838860721e+00 
148 3 2.952831177978039e+00 4.802509632445819e-01 -3.187571332129704e-01 3.125086807053238e+00 
149 1 2.834825676472171e+00 4.286418545829520e-01 -5.883324416434493e-01 3.012126787572258e+00 
149 2 2.861013888916171e+00 3.244239005540115e-01 -6.898320907052164e-01 3.030583806030146e+00 
149 3 2.887139763217839e+00 4.298416539136792e-01 -6.264362183689650e-01 3.074158295821465e+00 
150 1 2.834825676472171e+00 4.286418545829520e-01 -5.883324416434493e-01 3.012126787572258e+00 
150 2 2.783324898109126e+00 3.684734265971876e-01 -7.750110455184915e-01 2.977573120964899e+00 
150 3 2.861013888916171e+00 3.244239005540115e-01 -6.898320907052164e-01 3.030583806030146e+00 
151 1 2.902656216679118e+00 5.153405005205629e-01 -4.134774732471150e-01 3.082797248120097e+00 
151 2 2.896778584294087e+00 4.035236642858644e-01 -4.660345581168556e-01 3.079106397184759e+00 
151 3 2.936416050494770e+00 4.386965772165842e-01 -4.167481971472624e-01 3.106685355143033e+00 
152 1 2.931824418237167e+00 4.411254873235265e-01 -3.392957778073421e-01 3.099694838860721e+00 
152 2 2.902656216679118e+00 5.153405005205629e-01 -4.134774732471150e-01 3.082797248120097e+00 
152 3 2.936416050494770e+00 4.386965772165842e-01 -4.167481971472624e-01 3.106685355143033e+00 
153 1 2.896778584294087e+00 4.035236642858644e-01 -4.660345581168556e-01 3.079106397184759e+00 
153 2 2.902656216679118e+00 5.153405005205629e-01 -4.134774732471150e-01 3.082797248120097e+00 
153 3 2.868178053086162e+00 4.812945507281797e-01 -5.334077898648353e-01 3.046174250535464e+00 
154 1 2.868178053086162e+00 4.812945507281797e-01 -5.334077898648353e-01 3.046174250535464e+00 
154 2 2.834825676472171e+00 4.286418545829520e-01 -5.883324416434493e-01 3.012126787572258e+00 
154 3 2.887139763217839e+00 4.298416539136792e-01 -6.264362183689650e-01 3.074158295821465e+00 
155 1 2.887139763217839e+00 4.298416539136792e-01 -6.264362183689650e-01 3.074158295821465e+00 
155 2 2.896778584294087e+00 4.035236642858644e-01 -4.660345581168556e-01 3.079106397184759e+00 
155 3 2.868178053086162e+00 4.812945507281797e-01 -5.334077898648353e-01 3.046174250535464e+00 
156 1 2.902473536188794e+00 5.028350023741669e-01 -3.616388377486696e-01 3.079093198711464e+00 
156 2 2.902656216679118e+00 5.153405005205629e-01 -4.134774732471150e-01 3.082797248120097e+00 
156 3 2.931824418237167e+00 4.411254873235265e-01 -3.392957778073421e-01 3.099694838860721e+00 
157 1 2.931824418237167e+00 4.411254873235265e-01 -3.392957778073421e-01 3.099694838860721e+00 
157 2 2.930398401726064e+00 5.427252427767478e-01 -2.769757880463269e-01 3.105360884584680e+00 
157 3 2.902473536188794e+00 5.028350023741669e-01 -3.616388377486696e-01 3.079093198711464e+00 
158 1 2.780367401890599e+00 5.101204007864154e-01 -7.803523084721579e-01 2.979196096868971e+00 
158 2 2.703803657753992e+00 4.084644410684039e-01 -8.986300967642002e-01 2.898987145414104e+00 
158 3 2.783324898109126e+00 3.684734265971876e-01 -7.750110455184915e-01 2.977573120964899e+00 
159 1 2.783324898109126e+00 3.684734265971876e-01 -7.750110455184915e-01 2.977573120964899e+00 
159 2 2.834825676472171e+00 4.286418545829520e-01 -5.883324416434493e-01 3.012126787572258e+00 
159 3 2.780367401890599e+00 5.101204007864154e-01 -7.803523084721579e-01 2.979196096868971e+00 
160 1 2.946524802918054e+00 4.873984203202241e-01 3.458004314129475e-02 3.129329514793897e+00 
160 2 2.933485254950444e+00 5.458307976924607e-01 1.501174354477575e-02 3.110284355713817e+00 
160 3 2.961816458586505e+00 5.296476043973922e-01 -7.423982324878388e-02 3.119991760349468e+00 
161 1 2.936177401218294e+00 5.779213949500401e-01 -1.253798448113896e-01 3.114699032257930e+00 
161 2 2.949272872515530e+00 4.861422920918818e-01 -9.322835918418952e-02 3.111445606464903e+00 
161 3 2.942684805229578e+00 5.271851041554509e-01 -8.727693698500674e-02 3.118545657148655e+00 
162 1 2.915123391979877e+00 5.221329555157298e-01 -1.481326939603033e-01 3.096014471037078e+00 
162 2 2.949272872515530e+00 4.861422920918818e-01 -9.322835918418952e-02 3.111445606464903e+00 
162 3 2.936177401218294e+00 5.779213949500401e-01 -1.253798448113896e-01 3.114699032257930e+00 
163 1 2.936177401218294e+00 5.779213949500401e-01 -1.253798448113896e-01 3.114699032257930e+00 
163 2 2.942684805229578e+00 5.271851041554509e-01 -8.727693698500674e-02 3.118545657148655e+00 
163 3 2.929743917791359e+00 5.629599222350525e-01 -2.699718091168705e-02 3.104596146400828e+00 
164 1 2.929743917791359e+00 5.629599222350525e-01 -2.699718091168705e-02 3.104596146400828e+00 
164 2 2.961816458586505e+00 5.296476043973922e-01 -7.423982324878388e-02 3.119991760349468e+00 
164 3 2.933485254950444e+00 5.458307976924607e-01 1.501174354477575e-02 3.110284355713817e+00 
165 1 2.929743917791359e+00 5.629599222350525e-01 -2.699718091168705e-02 3.104596146400828e+00 
165 2 2.942684805229578e+00 5.271851041554509e-01 -8.727693698500674e-02 3.118545657148655e+00 
165 3 2.961816458586505e+00 5.296476043973922e-01 -7.423982324878388e-02 3.119991760349468e+00 
166 1 2.936177401218294e+00 5.779213949500401e-01 -1.253798448113896e-01 3.114699032257930e+00 
166 2 2.929833365856308e+00 6.234631301151079e-01 -1.370940505126381e-01 3.102752362749968e+00 
166 3 2.915123391979877e+00 5.221329555157298e-01 -1.481326939603033e-01 3.096014471037078e+00 
167 1 2.923592598308483e+00 5.938796824580900e-01 -1.977879745158950e-01 3.094886402501433e+00 
167 2 2.915123391979877e+00 5.221329555157298e-01 -1.481326939603033e-01 3.096014471037078e+00 
167 3 2.929833365856308e+00 6.234631301151079e-01 -1.370940505126381e-01 3.102752362749968e+00 
168 1 2.923592598308483e+00 5.938796824580900e-01 -1.977879745158950e-01 3.094886402501433e+00 
168 2 2.942266474900881e+00 5.080006979499250e-01 -1.979220121559247e-01 3.118870995397856e+00 
168 3 2.915123391979877e+00 5.221329555157298e-01 -1.481326939603033e-01 3.096014471037078e+00 
169 1 2.942266474900881e+00 5.080006979499250e-01 -1.979220121559247e-01 3.118870995397856e+00 
169 2 2.923592598308483e+00 5.938796824580900e-01 -1.977879745158950e-01 3.094886402501433e+00 
169 3 2.927525344866244e+00 5.378232925635007e-01 -2.538500948680150e-01 3.098449292536516e+00 
170 1 2.936133694635387e+00 4.565870631595285e-01 -2.538094412031642e-01 3.106517906420060e+00 
170 2 2.942266474900881e+00 5.080006979499250e-01 -1.979220121559247e-01 3.118870995397856e+00 
170 3 2.927525344866244e+00 5.378232925635007e-01 -2.538500948680150e-01 3.098449292536516e+00 
171 1 2.927525344866244e+00 5.378232925635007e-01 -2.538500948680150e-01 3.098449292536516e+00 
171 2 2.930398401726064e+00 5.427252427767478e-01 -2.769757880463269e-01 3.105360884584680e+00 
171 3 2.936133694635387e+00 4.565870631595285e-01 -2.538094412031642e-01 3.106517906420060e+00 
172 1 2.260804375510424e+00 5.440996230351608e-01 -1.176581941778399e+00 2.486592414722236e+00 
172 2 2.374544853368230e+00 3.870923184635945e-01 -1.150475226746739e+00 2.586379733935302e+00 
172 3 2.428240852938506e+00 5.415473370482536e-01 -1.090427852693480e+00 2.652423392351130e+00 
173 1 2.428240852938506e+00 5.415473370482536e-01 -1.090427852693480e+00 2.652423392351130e+00 
173 2 2.374544853368230e+00 3.870923184635945e-01 -1.150475226746739e+00 2.586379733935302e+00 
173 3 2.569598944955280e+00 4.097459488184789e-01 -1.063325770867694e+00 2.782957930098743e+00 
174 1 2.569598944955280e+00 4.097459488184789e-01 -1.063325770867694e+00 2.782957930098743e+00 
174 2 2.703803657753992e+00 4.084644410684039e-01 -8.986300967642002e-01 2.898987145414104e+00 
174 3 2.586074226024117e+00 5.327692466647088e-01 -9.549652676207423e-01 2.786629409125033e+00 
175 1 2.586074226024117e+00 5.327692466647088e-01 -9.549652676207423e-01 2.786629409125033e+00 
175 2 2.428240852938506e+00 5.415473370482536e-01 -1.090427852693480e+00 2.652423392351130e+00 
175 3 2.569598944955280e+00 4.097459488184789e-01 -1.063325770867694e+00 2.782957930098743e+00 
176 1 2.586074226024117e+00 5.327692466647088e-01 -9.549652676207423e-01 2.786629409125033e+00 
176 2 2.703803657753992e+00 4.084644410684039e-01 -8.986300967642002e-01 2.898987145414104e+00 
176 3 2.684012682544752e+00 5.612374447910008e-01 -7.866883204985018e-01 2.878176621385462e+00 
177 1 2.703803657753992e+00 4.084644410684039e-01 -8.986300967642002e-01 2.898987145414104e+00 
177 2 2.780367401890599e+00 5.101204007864154e-01 -7.803523084721579e-01 2.979196096868971e+00 
177 3 2.684012682544752e+00 5.612374447910008e-01 -7.866883204985018e-01 2.878176621385462e+00 
178 1 2.045222755477829e+00 7.993540109960385e-01 -1.063943056544081e+00 2.278419270692158e+00 
178 2 1.956311552674779e+00 7.413009352832547e-01 -1.147748414121166e+00 2.196494101933590e+00 
178 3 2.144462075074179e+00 7.957765996387032e-01 -1.039502750077230e+00 2.372133823644538e+00 
179 1 2.106662500611791e+00 6.856662946360165e-01 -1.141482929718932e+00 2.342134188265184e+00 
179 2 2.144462075074179e+00 7.957765996387032e-01 -1.039502750077230e+00 2.372133823644538e+00 
179 3 1.956311552674779e+00 7.413009352832547e-01 -1.147748414121166e+00 2.196494101933590e+00 
180 1 2.299989704950256e+00 6.303621083109967e-01 -1.097611419688196e+00 2.523343184574236e+00 
180 2 2.147093030392071e+00 6.318738983118157e-01 -1.156878027866150e+00 2.377828980551952e+00 
180 3 2.260804375510424e+00 5.440996230351608e-01 -1.176581941778399e+00 2.486592414722236e+00 
181 1 2.299989704950256e+00 6.303621083109967e-01 -1.097611419688196e+00 2.523343184574236e+00 
181 2 2.260804375510424e+00 5.440996230351608e-01 -1.176581941778399e+00 2.486592414722236e+00 
181 3 2.428240852938506e+00 5.415473370482536e-01 -1.090427852693480e+00 2.652423392351130e+00 
182 1 2.106662500611791e+00 6.856662946360165e-01 -1.141482929718932e+00 2.342134188265184e+00 
182 2 2.299989704950256e+00 6.303621083109967e-01 -1.097611419688196e+00 2.523343184574236e+00 
182 3 2.144462075074179e+00 7.957765996387032e-01 -1.039502750077230e+00 2.372133823644538e+00 
183 1 2.147093030392071e+00 6.318738983118157e-01 -1.156878027866150e+00 2.377828980551952e+00 
183 2 2.299989704950256e+00 6.303621083109967e-01 -1.097611419688196e+00 2.523343184574236e+00 
183 3 2.106662500611791e+00 6.856662946360165e-01 -1.141482929718932e+00 2.342134188265184e+00 
184 1 2.897000993941255e+00 5.693653370705096e-01 -3.337461915621566e-01 3.076192195589744e+00 
184 2 2.930398401726064e+00 5.427252427767478e-01 -2.769757880463269e-01 3.105360884584680e+00 
184 3 2.927525344866244e+00 5.378232925635007e-01 -2.538500948680150e-01 3.098449292536516e+00 
185 1 2.930398401726064e+00 5.427252427767478e-01 -2.769757880463269e-01 3.105360884584680e+00 
185 2 2.897000993941255e+00 5.693653370705096e-01 -3.337461915621566e-01 3.076192195589744e+00 
185 3 2.902473536188794e+00 5.028350023741669e-01 -3.616388377486696e-01 3.079093198711464e+00 
186 1 2.823525551123607e+00 5.678837950477212e-01 -5.868843672907935e-01 3.004861165388653e+00 
186 2 2.834825676472171e+00 4.286418545829520e-01 -5.883324416434493e-01 3.012126787572258e+00 
186 3 2.868178053086162e+00 4.812945507281797e-01 -5.334077898648353e-01 3.046174250535464e+00 
187 1 2.823525551123607e+00 5.678837950477212e-01 -5.868843672907935e-01 3.004861165388653e+00 
187 2 2.780367401890599e+00 5.101204007864154e-01 -7.803523084721579e-01 2.979196096868971e+00 
187 3 2.834825676472171e+00 4.286418545829520e-01 -5.883324416434493e-01 3.012126787572258e+00 
188 1 2.868178053086162e+00 4.812945507281797e-01 -5.334077898648353e-01 3.046174250535464e+00 
188 2 2.902656216679118e+00 5.153405005205629e-01 -4.134774732471150e-01 3.082797248120097e+00 
188 3 2.878874197854183e+00 5.701780494394171e-01 -4.199232124274851e-01 3.063940671342145e+00 
189 1 2.902473536188794e+00 5.028350023741669e-01 -3.616388377486696e-01 3.079093198711464e+00 
189 2 2.878874197854183e+00 5.701780494394171e-01 -4.199232124274851e-01 3.063940671342145e+00 
189 3 2.902656216679118e+00 5.153405005205629e-01 -4.134774732471150e-01 3.082797248120097e+00 
190 1 2.878874197854183e+00 5.701780494394171e-01 -4.199232124274851e-01 3.063940671342145e+00 
190 2 2.902473536188794e+00 5.028350023741669e-01 -3.616388377486696e-01 3.079093198711464e+00 
190 3 2.897000993941255e+00 5.693653370705096e-01 -3.337461915621566e-01 3.076192195589744e+00 
191 1 2.878874197854183e+00 5.701780494394171e-01 -4.199232124274851e-01 3.063940671342145e+00 
191 2 2.823525551123607e+00 5.678837950477212e-01 -5.868843672907935e-01 3.004861165388653e+00 
191 3 2.868178053086162e+00 4.812945507281797e-01 -5.334077898648353e-01 3.046174250535464e+00 
192 1 2.780367401890599e+00 5.101204007864154e-01 -7.803523084721579e-01 2.979196096868971e+00 
192 2 2.823525551123607e+00 5.678837950477212e-01 -5.868843672907935e-01 3.004861165388653e+00 
192 3 2.750803894965498e+00 6.193067882985801e-01 -6.642602722798280e-01 2.948422553588380e+00 
193 1 2.780367401890599e+00 5.101204007864154e-01 -7.803523084721579e-01 2.979196096868971e+00 
193 2 2.750803894965498e+00 6.193067882985801e-01 -6.642602722798280e-01 2.948422553588380e+00 
193 3 2.684012682544752e+00 5.612374447910008e-01 -7.866883204985018e-01 2.878176621385462e+00 
194 1 2.933485254950444e+00 5.458307976924607e-01 1.501174354477575e-02 3.110284355713817e+00 
194 2 2.929583221806535e+00 6.123441200519316e-01 -3.653359154976361e-02 3.109673916306166e+00 
194 3 2.929743917791359e+00 5.629599222350525e-01 -2.699718091168705e-02 3.104596146400828e+00 
195 1 2.929743917791359e+00 5.629599222350525e-01 -2.699718091168705e-02 3.104596146400828e+00 
195 2 2.903564624254141e+00 6.230781562921565e-01 -6.584469935683554e-02 3.075232721367272e+00 
195 3 2.936177401218294e+00 5.779213949500401e-01 -1.253798448113896e-01 3.114699032257930e+00 
196 1 2.929583221806535e+00 6.123441200519316e-01 -3.653359154976361e-02 3.109673916306166e+00 
196 2 2.903564624254141e+00 6.230781562921565e-01 -6.584469935683554e-02 3.075232721367272e+00 
196 3 2.929743917791359e+00 5.629599222350525e-01 -2.699718091168705e-02 3.104596146400828e+00 
197 1 2.936177401218294e+00 5.779213949500401e-01 -1.253798448113896e-01 3.114699032257930e+00 
197 2 2.903564624254141e+00 6.230781562921565e-01 -6.584469935683554e-02 3.075232721367272e+00 
197 3 2.929833365856308e+00 6.234631301151079e-01 -1.370940505126381e-01 3.102752362749968e+00 
198 1 2.903564624254141e+00 6.230781562921565e-01 -6.584469935683554e-02 3.075232721367272e+00 
198 2 2.888477697992264e+00 6.215322940842549e-01 -1.752930500122238e-01 3.067384260873911e+00 
198 3 2.929833365856308e+00 6.234631301151079e-01 -1.370940505126381e-01 3.102752362749968e+00 
199 1 2.888477697992264e+00 6.215322940842549e-01 -1.752930500122238e-01 3.067384260873911e+00 
199 2 2.923592598308483e+00 5.938796824580900e-01 -1.977879745158950e-01 3.094886402501433e+00 
199 3 2.929833365856308e+00 6.234631301151079e-01 -1.370940505126381e-01 3.102752362749968e+00 
200 1 2.923592598308483e+00 5.938796824580900e-01 -1.977879745158950e-01 3.094886402501433e+00 
200 2 2.888477697992264e+00 6.215322940842549e-01 -1.752930500122238e-01 3.067384260873911e+00 
200 3 2.882386162685270e+00 6.200076058332118e-01 -2.377673708698063e-01 3.068146460589632e+00 
201 1 2.927525344866244e+00 5.378232925635007e-01 -2.538500948680150e-01 3.098449292536516e+00 
201 2 2.882386162685270e+00 6.200076058332118e-01 -2.377673708698063e-01 3.068146460589632e+00 
201 3 2.897000993941255e+00 5.693653370705096e-01 -3.337461915621566e-01 3.076192195589744e+00 
202 1 2.927525344866244e+00 5.378232925635007e-01 -2.538500948680150e-01 3.098449292536516e+00 
202 2 2.923592598308483e+00 5.938796824580900e-01 -1.977879745158950e-01 3.094886402501433e+00 
202 3 2.882386162685270e+00 6.200076058332118e-01 -2.377673708698063e-01 3.068146460589632e+00 
203 1 2.691628298401309e+00 6.873281551702314e-01 -7.333074690504822e-01 2.880077705642492e+00 
203 2 2.684012682544752e+00 5.612374447910008e-01 -7.866883204985018e-01 2.878176621385462e+00 
203 3 2.750803894965498e+00 6.193067882985801e-01 -6.642602722798280e-01 2.948422553588380e+00 
204 1 2.586074226024117e+00 5.327692466647088e-01 -9.549652676207423e-01 2.786629409125033e+00 
204 2 2.470932765199699e+00 6.860834013684480e-01 -9.767297045530318e-01 2.684444453872582e+00 
204 3 2.428240852938506e+00 5.415473370482536e-01 -1.090427852693480e+00 2.652423392351130e+00 
205 1 2.299989704950256e+00 6.303621083109967e-01 -1.097611419688196e+00 2.523343184574236e+00 
205 2 2.428240852938506e+00 5.415473370482536e-01 -1.090427852693480e+00 2.652423392351130e+00 
205 3 2.470932765199699e+00 6.860834013684480e-01 -9.767297045530318e-01 2.684444453872582e+00 
206 1 2.609727775862664e+00 6.723581328646754e-01 -8.894584243209827e-01 2.823801955166614e+00 
206 2 2.470932765199699e+00 6.860834013684480e-01 -9.767297045530318e-01 2.684444453872582e+00 
206 3 2.586074226024117e+00 5.327692466647088e-01 -9.549652676207423e-01 2.786629409125033e+00 
207 1 2.684012682544752e+00 5.612374447910008e-01 -7.866883204985018e-01 2.878176621385462e+00 
207 2 2.609727775862664e+00 6.723581328646754e-01 -8.894584243209827e-01 2.823801955166614e+00 
207 3 2.586074226024117e+00 5.327692466647088e-01 -9.549652676207423e-01 2.786629409125033e+00 
208 1 2.609727775862664e+00 6.723581328646754e-01 -8.894584243209827e-01 2.823801955166614e+00 
208 2 2.684012682544752e+00 5.612374447910008e-01 -7.866883204985018e-01 2.878176621385462e+00 
208 3 2.691628298401309e+00 6.873281551702314e-01 -7.333074690504822e-01 2.880077705642492e+00 
209 1 2.034074579247620e+00 9.712353620340377e-01 -9.050954963695029e-01 2.265436099757512e+00 
209 2 1.941270073551135e+00 8.989100500888245e-01 -9.898465425883256e-01 2.174048981140959e+00 
209 3 2.120758876676478e+00 9.599112169784949e-01 -9.295238094880359e-01 2.356117066794094e+00 
210 1 1.941270073551135e+00 8.989100500888245e-01 -9.898465425883256e-01 2.174048981140959e+00 
210 2 2.045222755477829e+00 7.993540109960385e-01 -1.063943056544081e+00 2.278419270692158e+00 
210 3 2.188126965966525e+00 8.588476671485797e-01 -1.014629100213686e+00 2.421421969579117e+00 
211 1 2.188126965966525e+00 8.588476671485797e-01 -1.014629100213686e+00 2.421421969579117e+00 
211 2 2.120758876676478e+00 9.599112169784949e-01 -9.295238094880359e-01 2.356117066794094e+00 
211 3 1.941270073551135e+00 8.989100500888245e-01 -9.898465425883256e-01 2.174048981140959e+00 
212 1 2.144462075074179e+00 7.957765996387032e-01 -1.039502750077230e+00 2.372133823644538e+00 
212 2 2.188126965966525e+00 8.588476671485797e-01 -1.014629100213686e+00 2.421421969579117e+00 
212 3 2.045222755477829e+00 7.993540109960385e-01 -1.063943056544081e+00 2.278419270692158e+00 
213 1 2.144462075074179e+00 7.957765996387032e-01 -1.039502750077230e+00 2.372133823644538e+00 
213 2 2.308838441267355e+00 7.766026820533588e-01 -1.018266008915771e+00 2.538012928382303e+00 
213 3 2.188126965966525e+00 8.588476671485797e-01 -1.014629100213686e+00 2.421421969579117e+00 
214 1 2.308838441267355e+00 7.766026820533588e-01 -1.018266008915771e+00 2.538012928382303e+00 
214 2 2.144462075074179e+00 7.957765996387032e-01 -1.039502750077230e+00 2.372133823644538e+00 
214 3 2.299989704950256e+00 6.303621083109967e-01 -1.097611419688196e+00 2.523343184574236e+00 
215 1 2.470932765199699e+00 6.860834013684480e-01 -9.767297045530318e-01 2.684444453872582e+00 
215 2 2.308838441267355e+00 7.766026820533588e-01 -1.018266008915771e+00 2.538012928382303e+00 
215 3 2.299989704950256e+00 6.303621083109967e-01 -1.097611419688196e+00 2.523343184574236e+00 
216 1 2.897000993941255e+00 5.693653370705096e-01 -3.337461915621566e-01 3.076192195589744e+00 
216 2 2.851529006796277e+00 6.800026278846399e-01 -3.551448266772692e-01 3.030523434946344e+00 
216 3 2.878874197854183e+00 5.701780494394171e-01 -4.199232124274851e-01 3.063940671342145e+00 
217 1 2.851529006796277e+00 6.800026278846399e-01 -3.551448266772692e-01 3.030523434946344e+00 
217 2 2.897000993941255e+00 5.693653370705096e-01 -3.337461915621566e-01 3.076192195589744e+00 
217 3 2.882386162685270e+00 6.200076058332118e-01 -2.377673708698063e-01 3.068146460589632e+00 
218 1 2.750803894965498e+00 6.193067882985801e-01 -6.642602722798280e-01 2.948422553588380e+00 
218 2 2.705401173952981e+00 7.450664944823563e-01 -6.433978441405332e-01 2.908462145206880e+00 
218 3 2.691628298401309e+00 6.873281551702314e-01 -7.333074690504822e-01 2.880077705642492e+00 
219 1 2.823525551123607e+00 5.678837950477212e-01 -5.868843672907935e-01 3.004861165388653e+00 
219 2 2.878874197854183e+00 5.701780494394171e-01 -4.199232124274851e-01 3.063940671342145e+00 
219 3 2.813499677513934e+00 6.612839897177626e-01 -4.919160054951442e-01 2.996289781452199e+00 
220 1 2.750803894965498e+00 6.193067882985801e-01 -6.642602722798280e-01 2.948422553588380e+00 
220 2 2.823525551123607e+00 5.678837950477212e-01 -5.868843672907935e-01 3.004861165388653e+00 
220 3 2.813499677513934e+00 6.612839897177626e-01 -4.919160054951442e-01 2.996289781452199e+00 
221 1 2.813499677513934e+00 6.612839897177626e-01 -4.919160054951442e-01 2.996289781452199e+00 
221 2 2.878874197854183e+00 5.701780494394171e-01 -4.199232124274851e-01 3.063940671342145e+00 
221 3 2.851529006796277e+00 6.800026278846399e-01 -3.551448266772692e-01 3.030523434946344e+00 
222 1 2.813499677513934e+00 6.612839897177626e-01 -4.919160054951442e-01 2.996289781452199e+00 
222 2 2.705401173952981e+00 7.450664944823563e-01 -6.433978441405332e-01 2.908462145206880e+00 
222 3 2.750803894965498e+00 6.193067882985801e-01 -6.642602722798280e-01 2.948422553588380e+00 
223 1 2.929583221806535e+00 6.123441200519316e-01 -3.653359154976361e-02 3.109673916306166e+00 
223 2 2.888536512225309e+00 6.735511597239217e-01 1.917606112871357e-02 3.063268355706491e+00 
223 3 2.903564624254141e+00 6.230781562921565e-01 -6.584469935683554e-02 3.075232721367272e+00 
224 1 2.903564624254141e+00 6.230781562921565e-01 -6.584469935683554e-02 3.075232721367272e+00 
224 2 2.865595907685571e+00 7.308683312370482e-01 -1.011206632527600e-01 3.055441088880808e+00 
224 3 2.888477697992264e+00 6.215322940842549e-01 -1.752930500122238e-01 3.067384260873911e+00 
225 1 2.865595907685571e+00 7.308683312370482e-01 -1.011206632527600e-01 3.055441088880808e+00 
225 2 2.903564624254141e+00 6.230781562921565e-01 -6.584469935683554e-02 3.075232721367272e+00 
225 3 2.888536512225309e+00 6.735511597239217e-01 1.917606112871357e-02 3.063268355706491e+00 
226 1 2.857884993280283e+00 7.550911203879745e-01 -2.239153922744042e-01 3.037986599333385e+00 
226 2 2.888477697992264e+00 6.215322940842549e-01 -1.752930500122238e-01 3.067384260873911e+00 
226 3 2.865595907685571e+00 7.308683312370482e-01 -1.011206632527600e-01 3.055441088880808e+00 
227 1 2.857884993280283e+00 7.550911203879745e-01 -2.239153922744042e-01 3.037986599333385e+00 
227 2 2.851529006796277e+00 6.800026278846399e-01 -3.551448266772692e-01 3.030523434946344e+00 
227 3 2.882386162685270e+00 6.200076058332118e-01 -2.377673708698063e-01 3.068146460589632e+00 
228 1 2.888477697992264e+00 6.215322940842549e-01 -1.752930500122238e-01 3.067384260873911e+00 
228 2 2.857884993280283e+00 7.550911203879745e-01 -2.239153922744042e-01 3.037986599333385e+00 
228 3 2.882386162685270e+00 6.200076058332118e-01 -2.377673708698063e-01 3.068146460589632e+00 
229 1 2.691628298401309e+00 6.873281551702314e-01 -7.333074690504822e-01 2.880077705642492e+00 
229 2 2.705401173952981e+00 7.450664944823563e-01 -6.433978441405332e-01 2.908462145206880e+00 
229 3 2.599138752917807e+00 0.776826707298058e+00 -7.285137583611748e-01 2.799231862470380e+00 
230 1 2.599138752917807e+00 0.776826707298058e+00 -7.285137583611748e-01 2.799231862470380e+00 
230 2 2.609727775862664e+00 6.723581328646754e-01 -8.894584243209827e-01 2.823801955166614e+00 
230 3 2.691628298401309e+00 6.873281551702314e-01 -7.333074690504822e-01 2.880077705642492e+00 
231 1 2.456242138868133e+00 8.259128651065009e-01 -8.484526438492583e-01 2.669770186644760e+00 
231 2 2.308838441267355e+00 7.766026820533588e-01 -1.018266008915771e+00 2.538012928382303e+00 
231 3 2.470932765199699e+00 6.860834013684480e-01 -9.767297045530318e-01 2.684444453872582e+00 
232 1 2.470932765199699e+00 6.860834013684480e-01 -9.767297045530318e-01 2.684444453872582e+00 
232 2 2.609727775862664e+00 6.723581328646754e-01 -8.894584243209827e-01 2.823801955166614e+00 
232 3 2.456242138868133e+00 8.259128651065009e-01 -8.484526438492583e-01 2.669770186644760e+00 
233 1 2.456242138868133e+00 8.259128651065009e-01 -8.484526438492583e-01 2.669770186644760e+00 
233 2 2.609727775862664e+00 6.723581328646754e-01 -8.894584243209827e-01 2.823801955166614e+00 
233 3 2.599138752917807e+00 0.776826707298058e+00 -7.285137583611748e-01 2.799231862470380e+00 
234 1 1.963785791987824e+00 1.017245504376213e+00 -8.493705826396314e-01 2.195800957190635e+00 
234 2 2.034074579247620e+00 9.712353620340377e-01 -9.050954963695029e-01 2.265436099757512e+00 
234 3 2.110876942561285e+00 1.015142558476308e+00 -8.878324684947292e-01 2.346701235954434e+00 
235 1 2.120758876676478e+00 9.599112169784949e-01 -9.295238094880359e-01 2.356117066794094e+00 
235 2 2.110876942561285e+00 1.015142558476308e+00 -8.878324684947292e-01 2.346701235954434e+00 
235 3 2.034074579247620e+00 9.712353620340377e-01 -9.050954963695029e-01 2.265436099757512e+00 
236 1 2.248312961041274e+00 9.142561762538021e-01 -8.869807178611157e-01 2.470951483924036e+00 
236 2 2.110876942561285e+00 1.015142558476308e+00 -8.878324684947292e-01 2.346701235954434e+00 
236 3 2.120758876676478e+00 9.599112169784949e-01 -9.295238094880359e-01 2.356117066794094e+00 
237 1 2.248312961041274e+00 9.142561762538021e-01 -8.869807178611157e-01 2.470951483924036e+00 
237 2 2.120758876676478e+00 9.599112169784949e-01 -9.295238094880359e-01 2.356117066794094e+00 
237 3 2.188126965966525e+00 8.588476671485797e-01 -1.014629100213686e+00 2.421421969579117e+00 
238 1 2.248312961041274e+00 9.142561762538021e-01 -8.869807178611157e-01 2.470951483924036e+00 
238 2 2.188126965966525e+00 8.588476671485797e-01 -1.014629100213686e+00 2.421421969579117e+00 
238 3 2.308838441267355e+00 7.766026820533588e-01 -1.018266008915771e+00 2.538012928382303e+00 
239 1 2.248312961041274e+00 9.142561762538021e-01 -8.869807178611157e-01 2.470951483924036e+00 
239 2 2.308838441267355e+00 7.766026820533588e-01 -1.018266008915771e+00 2.538012928382303e+00 
239 3 2.456242138868133e+00 8.259128651065009e-01 -8.484526438492583e-01 2.669770186644760e+00 
240 1 1.963785791987824e+00 1.017245504376213e+00 -8.493705826396314e-01 2.195800957190635e+00 
240 2 2.110876942561285e+00 1.015142558476308e+00 -8.878324684947292e-01 2.346701235954434e+00 
240 3 2.140140153639236e+00 1.096193987162837e+00 -7.609241289936992e-01 2.371327052744774e+00 
241 1 2.016238574579102e+00 1.090925574459269e+00 -7.461284765928535e-01 2.248601787774788e+00 
241 2 1.963785791987824e+00 1.017245504376213e+00 -8.493705826396314e-01 2.195800957190635e+00 
241 3 2.140140153639236e+00 1.096193987162837e+00 -7.609241289936992e-01 2.371327052744774e+00 
242 1 2.705401173952981e+00 7.450664944823563e-01 -6.433978441405332e-01 2.908462145206880e+00 
242 2 2.640707974266754e+00 7.863214698303380e-01 -6.164510279604176e-01 2.830243443171045e+00 
242 3 2.599138752917807e+00 0.776826707298058e+00 -7.285137583611748e-01 2.799231862470380e+00 
243 1 2.851529006796277e+00 6.800026278846399e-01 -3.551448266772692e-01 3.030523434946344e+00 
243 2 2.776833280738251e+00 7.614115056155888e-01 -3.774386118851403e-01 2.969985841024744e+00 
243 3 2.813499677513934e+00 6.612839897177626e-01 -4.919160054951442e-01 2.996289781452199e+00 
244 1 2.857884993280283e+00 7.550911203879745e-01 -2.239153922744042e-01 3.037986599333385e+00 
244 2 2.776833280738251e+00 7.614115056155888e-01 -3.774386118851403e-01 2.969985841024744e+00 
244 3 2.851529006796277e+00 6.800026278846399e-01 -3.551448266772692e-01 3.030523434946344e+00 
245 1 2.705401173952981e+00 7.450664944823563e-01 -6.433978441405332e-01 2.908462145206880e+00 
245 2 2.727330815374970e+00 8.477853898535933e-01 -4.981546772178048e-01 2.925559359360707e+00 
245 3 2.640707974266754e+00 7.863214698303380e-01 -6.164510279604176e-01 2.830243443171045e+00 
246 1 2.727330815374970e+00 8.477853898535933e-01 -4.981546772178048e-01 2.925559359360707e+00 
246 2 2.813499677513934e+00 6.612839897177626e-01 -4.919160054951442e-01 2.996289781452199e+00 
246 3 2.776833280738251e+00 7.614115056155888e-01 -3.774386118851403e-01 2.969985841024744e+00 
247 1 2.705401173952981e+00 7.450664944823563e-01 -6.433978441405332e-01 2.908462145206880e+00 
247 2 2.813499677513934e+00 6.612839897177626e-01 -4.919160054951442e-01 2.996289781452199e+00 
247 3 2.727330815374970e+00 8.477853898535933e-01 -4.981546772178048e-01 2.925559359360707e+00 
248 1 2.888536512225309e+00 6.735511597239217e-01 1.917606112871357e-02 3.063268355706491e+00 
248 2 2.856904252331061e+00 7.732436992400608e-01 -1.811458181116791e-02 3.040353060512671e+00 
248 3 2.865595907685571e+00 7.308683312370482e-01 -1.011206632527600e-01 3.055441088880808e+00 
249 1 2.856904252331061e+00 7.732436992400608e-01 -1.811458181116791e-02 3.040353060512671e+00 
249 2 2.792405942487627e+00 8.172773374256127e-01 -1.106653176763973e-01 2.974998387057981e+00 
249 3 2.865595907685571e+00 7.308683312370482e-01 -1.011206632527600e-01 3.055441088880808e+00 
250 1 2.857884993280283e+00 7.550911203879745e-01 -2.239153922744042e-01 3.037986599333385e+00 
250 2 2.865595907685571e+00 7.308683312370482e-01 -1.011206632527600e-01 3.055441088880808e+00 
250 3 2.792405942487627e+00 8.172773374256127e-01 -1.106653176763973e-01 2.974998387057981e+00 
251 1 2.857884993280283e+00 7.550911203879745e-01 -2.239153922744042e-01 3.037986599333385e+00 
251 2 2.792405942487627e+00 8.172773374256127e-01 -1.106653176763973e-01 2.974998387057981e+00 
251 3 2.766740279918658e+00 8.669048956650172e-01 -2.446190312034932e-01 2.957951849552648e+00 
252 1 2.776833280738251e+00 7.614115056155888e-01 -3.774386118851403e-01 2.969985841024744e+00 
252 2 2.857884993280283e+00 7.550911203879745e-01 -2.239153922744042e-01 3.037986599333385e+00 
252 3 2.766740279918658e+00 8.669048956650172e-01 -2.446190312034932e-01 2.957951849552648e+00 
253 1 2.551678439326123e+00 9.682436132609720e-01 -7.179249920591279e-01 2.774894182872570e+00 
253 2 2.599138752917807e+00 0.776826707298058e+00 -7.285137583611748e-01 2.799231862470380e+00 
253 3 2.640707974266754e+00 7.863214698303380e-01 -6.164510279604176e-01 2.830243443171045e+00 
254 1 2.456242138868133e+00 8.259128651065009e-01 -8.484526438492583e-01 2.669770186644760e+00 
254 2 2.599138752917807e+00 0.776826707298058e+00 -7.285137583611748e-01 2.799231862470380e+00 
254 3 2.551678439326123e+00 9.682436132609720e-01 -7.179249920591279e-01 2.774894182872570e+00 
255 1 2.456242138868133e+00 8.259128651065009e-01 -8.484526438492583e-01 2.669770186644760e+00 
255 2 2.390179340898086e+00 9.609824922850294e-01 -7.550769674976530e-01 2.608479673228669e+00 
255 3 2.248312961041274e+00 9.142561762538021e-01 -8.869807178611157e-01 2.470951483924036e+00 
256 1 2.551678439326123e+00 9.682436132609720e-01 -7.179249920591279e-01 2.774894182872570e+00 
256 2 2.390179340898086e+00 9.609824922850294e-01 -7.550769674976530e-01 2.608479673228669e+00 
256 3 2.456242138868133e+00 8.259128651065009e-01 -8.484526438492583e-01 2.669770186644760e+00 
257 1 2.232569713047472e+00 1.041278850639888e+00 -7.919301467288498e-01 2.466560115734559e+00 
257 2 2.140140153639236e+00 1.096193987162837e+00 -7.609241289936992e-01 2.371327052744774e+00 
257 3 2.110876942561285e+00 1.015142558476308e+00 -8.878324684947292e-01 2.346701235954434e+00 
258 1 2.232569713047472e+00 1.041278850639888e+00 -7.919301467288498e-01 2.466560115734559e+00 
258 2 2.248312961041274e+00 9.142561762538021e-01 -8.869807178611157e-01 2.470951483924036e+00 
258 3 2.390179340898086e+00 9.609824922850294e-01 -7.550769674976530e-01 2.608479673228669e+00 
259 1 2.248312961041274e+00 9.142561762538021e-01 -8.869807178611157e-01 2.470951483924036e+00 
259 2 2.232569713047472e+00 1.041278850639888e+00 -7.919301467288498e-01 2.466560115734559e+00 
259 3 2.110876942561285e+00 1.015142558476308e+00 -8.878324684947292e-01 2.346701235954434e+00 
260 1 2.140140153639236e+00 1.096193987162837e+00 -7.609241289936992e-01 2.371327052744774e+00 
260 2 2.232569713047472e+00 1.041278850639888e+00 -7.919301467288498e-01 2.466560115734559e+00 
260 3 2.127225518953700e+00 1.118746169769288e+00 -7.506958109468375e-01 2.361967113194572e+00 
261 1 2.127225518953700e+00 1.118746169769288e+00 -7.506958109468375e-01 2.361967113194572e+00 
261 2 2.016238574579102e+00 1.090925574459269e+00 -7.461284765928535e-01 2.248601787774788e+00 
261 3 2.140140153639236e+00 1.096193987162837e+00 -7.609241289936992e-01 2.371327052744774e+00 
262 1 2.016238574579102e+00 1.090925574459269e+00 -7.461284765928535e-01 2.248601787774788e+00 
262 2 2.127225518953700e+00 1.118746169769288e+00 -7.506958109468375e-01 2.361967113194572e+00 
262 3 1.966894101742154e+00 1.173510398271630e+00 -6.297613764767832e-01 2.198954859700610e+00 
263 1 2.007754800427525e+00 1.205356019092994e+00 -5.698602519550540e-01 2.238750132848526e+00 
263 2 1.966894101742154e+00 1.173510398271630e+00 -6.297613764767832e-01 2.198954859700610e+00 
263 3 2.136453333598623e+00 1.176388339809787e+00 -6.279374869393906e-01 2.372401310061431e+00 
264 1 1.966894101742154e+00 1.173510398271630e+00 -6.297613764767832e-01 2.198954859700610e+00 
264 2 2.127225518953700e+00 1.118746169769288e+00 -7.506958109468375e-01 2.361967113194572e+00 
264 3 2.136453333598623e+00 1.176388339809787e+00 -6.279374869393906e-01 2.372401310061431e+00 
265 1 2.587961430383923e+00 9.290300071557346e-01 -5.238722634587364e-01 2.791032993766339e+00 
265 2 2.551678439326123e+00 9.682436132609720e-01 -7.179249920591279e-01 2.774894182872570e+00 
265 3 2.640707974266754e+00 7.863214698303380e-01 -6.164510279604176e-01 2.830243443171045e+00 
266 1 2.587961430383923e+00 9.290300071557346e-01 -5.238722634587364e-01 2.791032993766339e+00 
266 2 2.640707974266754e+00 7.863214698303380e-01 -6.164510279604176e-01 2.830243443171045e+00 
266 3 2.727330815374970e+00 8.477853898535933e-01 -4.981546772178048e-01 2.925559359360707e+00 
267 1 2.766740279918658e+00 8.669048956650172e-01 -2.446190312034932e-01 2.957951849552648e+00 
267 2 2.695586633798914e+00 9.089898643844656e-01 -4.000564341548049e-01 2.890597157160498e+00 
267 3 2.776833280738251e+00 7.614115056155888e-01 -3.774386118851403e-01 2.969985841024744e+00 
268 1 2.727330815374970e+00 8.477853898535933e-01 -4.981546772178048e-01 2.925559359360707e+00 
268 2 2.695586633798914e+00 9.089898643844656e-01 -4.000564341548049e-01 2.890597157160498e+00 
268 3 2.587961430383923e+00 9.290300071557346e-01 -5.238722634587364e-01 2.791032993766339e+00 
269 1 2.727330815374970e+00 8.477853898535933e-01 -4.981546772178048e-01 2.925559359360707e+00 
269 2 2.776833280738251e+00 7.614115056155888e-01 -3.774386118851403e-01 2.969985841024744e+00 
269 3 2.695586633798914e+00 9.089898643844656e-01 -4.000564341548049e-01 2.890597157160498e+00 
270 1 2.856904252331061e+00 7.732436992400608e-01 -1.811458181116791e-02 3.040353060512671e+00 
270 2 2.784327376526653e+00 8.977937549796822e-01 2.967422762697296e-02 2.972154311856820e+00 
270 3 2.792405942487627e+00 8.172773374256127e-01 -1.106653176763973e-01 2.974998387057981e+00 
271 1 2.792405942487627e+00 8.172773374256127e-01 -1.106653176763973e-01 2.974998387057981e+00 
271 2 2.715101924081132e+00 9.468216320822167e-01 -1.580455747520504e-01 2.915098876054158e+00 
271 3 2.766740279918658e+00 8.669048956650172e-01 -2.446190312034932e-01 2.957951849552648e+00 
272 1 2.784327376526653e+00 8.977937549796822e-01 2.967422762697296e-02 2.972154311856820e+00 
272 2 2.715101924081132e+00 9.468216320822167e-01 -1.580455747520504e-01 2.915098876054158e+00 
272 3 2.792405942487627e+00 8.172773374256127e-01 -1.106653176763973e-01 2.974998387057981e+00 
273 1 2.766740279918658e+00 8.669048956650172e-01 -2.446190312034932e-01 2.957951849552648e+00 
273 2 2.648275279035225e+00 1.007863935011811e+00 -2.398086626824349e-01 2.851024658827354e+00 
273 3 2.695586633798914e+00 9.089898643844656e-01 -4.000564341548049e-01 2.890597157160498e+00 
274 1 2.648275279035225e+00 1.007863935011811e+00 -2.398086626824349e-01 2.851024658827354e+00 
274 2 2.766740279918658e+00 8.669048956650172e-01 -2.446190312034932e-01 2.957951849552648e+00 
274 3 2.715101924081132e+00 9.468216320822167e-01 -1.580455747520504e-01 2.915098876054158e+00 
275 1 2.136453333598623e+00 1.176388339809787e+00 -6.279374869393906e-01 2.372401310061431e+00 
275 2 2.027265815352538e+00 1.214558790281529e+00 -5.183706702327917e-01 2.256641448934813e+00 
275 3 2.007754800427525e+00 1.205356019092994e+00 -5.698602519550540e-01 2.238750132848526e+00 
276 1 2.012546055574318e+00 1.261853783720322e+00 -5.365210544737821e-01 2.255648759946314e+00 
276 2 2.007754800427525e+00 1.205356019092994e+00 -5.698602519550540e-01 2.238750132848526e+00 
276 3 2.027265815352538e+00 1.214558790281529e+00 -5.183706702327917e-01 2.256641448934813e+00 
277 1 2.459454907666619e+00 1.037602819470877e+00 -5.898823653468934e-01 2.672397653729536e+00 
277 2 2.551678439326123e+00 9.682436132609720e-01 -7.179249920591279e-01 2.774894182872570e+00 
277 3 2.587961430383923e+00 9.290300071557346e-01 -5.238722634587364e-01 2.791032993766339e+00 
278 1 2.459454907666619e+00 1.037602819470877e+00 -5.898823653468934e-01 2.672397653729536e+00 
278 2 2.390179340898086e+00 9.609824922850294e-01 -7.550769674976530e-01 2.608479673228669e+00 
278 3 2.551678439326123e+00 9.682436132609720e-01 -7.179249920591279e-01 2.774894182872570e+00 
279 1 2.213209076289658e+00 1.207981820404347e+00 -5.500485863565058e-01 2.445576558805968e+00 
279 2 2.027265815352538e+00 1.214558790281529e+00 -5.183706702327917e-01 2.256641448934813e+00 
279 3 2.136453333598623e+00 1.176388339809787e+00 -6.279374869393906e-01 2.372401310061431e+00 
280 1 2.290410166221570e+00 1.107166276906996e+00 -5.841884419714144e-01 2.510917226045749e+00 
280 2 2.232569713047472e+00 1.041278850639888e+00 -7.919301467288498e-01 2.466560115734559e+00 
280 3 2.390179340898086e+00 9.609824922850294e-01 -7.550769674976530e-01 2.608479673228669e+00 
281 1 2.290410166221570e+00 1.107166276906996e+00 -5.841884419714144e-01 2.510917226045749e+00 
281 2 2.127225518953700e+00 1.118746169769288e+00 -7.506958109468375e-01 2.361967113194572e+00 
281 3 2.232569713047472e+00 1.041278850639888e+00 -7.919301467288498e-01 2.466560115734559e+00 
282 1 2.390179340898086e+00 9.609824922850294e-01 -7.550769674976530e-01 2.608479673228669e+00 
282 2 2.459454907666619e+00 1.037602819470877e+00 -5.898823653468934e-01 2.672397653729536e+00 
282 3 2.290410166221570e+00 1.107166276906996e+00 -5.841884419714144e-01 2.510917226045749e+00 
283 1 2.127225518953700e+00 1.118746169769288e+00 -7.506958109468375e-01 2.361967113194572e+00 
283 2 2.290410166221570e+00 1.107166276906996e+00 -5.841884419714144e-01 2.510917226045749e+00 
283 3 2.136453333598623e+00 1.176388339809787e+00 -6.279374869393906e-01 2.372401310061431e+00 
284 1 2.136453333598623e+00 1.176388339809787e+00 -6.279374869393906e-01 2.372401310061431e+00 
284 2 2.290410166221570e+00 1.107166276906996e+00 -5.841884419714144e-01 2.510917226045749e+00 
284 3 2.213209076289658e+00 1.207981820404347e+00 -5.500485863565058e-01 2.445576558805968e+00 
285 1 2.557282734573064e+00 1.072922900372927e+00 -4.151493102993590e-01 2.769136712510712e+00 
285 2 2.459454907666619e+00 1.037602819470877e+00 -5.898823653468934e-01 2.672397653729536e+00 
285 3 2.587961430383923e+00 9.290300071557346e-01 -5.238722634587364e-01 2.791032993766339e+00 
286 1 2.695586633798914e+00 9.089898643844656e-01 -4.000564341548049e-01 2.890597157160498e+00 
286 2 2.648275279035225e+00 1.007863935011811e+00 -2.398086626824349e-01 2.851024658827354e+00 
286 3 2.557282734573064e+00 1.072922900372927e+00 -4.151493102993590e-01 2.769136712510712e+00 
287 1 2.587961430383923e+00 9.290300071557346e-01 -5.238722634587364e-01 2.791032993766339e+00 
287 2 2.695586633798914e+00 9.089898643844656e-01 -4.000564341548049e-01 2.890597157160498e+00 
287 3 2.557282734573064e+00 1.072922900372927e+00 -4.151493102993590e-01 2.769136712510712e+00 
288 1 2.784327376526653e+00 8.977937549796822e-01 2.967422762697296e-02 2.972154311856820e+00 
288 2 2.662110091694525e+00 1.001879224073934e+00 -1.493589865245680e-03 2.864729789035573e+00 
288 3 2.715101924081132e+00 9.468216320822167e-01 -1.580455747520504e-01 2.915098876054158e+00 
289 1 2.557282734573064e+00 1.072922900372927e+00 -4.151493102993590e-01 2.769136712510712e+00 
289 2 2.648275279035225e+00 1.007863935011811e+00 -2.398086626824349e-01 2.851024658827354e+00 
289 3 2.530703370661569e+00 1.093348365508677e+00 -2.926944151918692e-01 2.736966054068561e+00 
290 1 2.610634096395645e+00 1.111404120505585e+00 -1.253808346794371e-01 2.813169935298292e+00 
290 2 2.715101924081132e+00 9.468216320822167e-01 -1.580455747520504e-01 2.915098876054158e+00 
290 3 2.662110091694525e+00 1.001879224073934e+00 -1.493589865245680e-03 2.864729789035573e+00 
291 1 2.610634096395645e+00 1.111404120505585e+00 -1.253808346794371e-01 2.813169935298292e+00 
291 2 2.530703370661569e+00 1.093348365508677e+00 -2.926944151918692e-01 2.736966054068561e+00 
291 3 2.648275279035225e+00 1.007863935011811e+00 -2.398086626824349e-01 2.851024658827354e+00 
292 1 2.715101924081132e+00 9.468216320822167e-01 -1.580455747520504e-01 2.915098876054158e+00 
292 2 2.610634096395645e+00 1.111404120505585e+00 -1.253808346794371e-01 2.813169935298292e+00 
292 3 2.648275279035225e+00 1.007863935011811e+00 -2.398086626824349e-01 2.851024658827354e+00 
293 1 2.120634190063825e+00 1.286382305862183e+00 -3.363017216490553e-01 2.352814627670542e+00 
293 2 2.027265815352538e+00 1.214558790281529e+00 -5.183706702327917e-01 2.256641448934813e+00 
293 3 2.213209076289658e+00 1.207981820404347e+00 -5.500485863565058e-01 2.445576558805968e+00 
294 1 2.120634190063825e+00 1.286382305862183e+00 -3.363017216490553e-01 2.352814627670542e+00 
294 2 2.012546055574318e+00 1.261853783720322e+00 -5.365210544737821e-01 2.255648759946314e+00 
294 3 2.027265815352538e+00 1.214558790281529e+00 -5.183706702327917e-01 2.256641448934813e+00 
295 1 2.012546055574318e+00 1.261853783720322e+00 -5.365210544737821e-01 2.255648759946314e+00 
295 2 2.120634190063825e+00 1.286382305862183e+00 -3.363017216490553e-01 2.352814627670542e+00 
295 3 1.930829215280869e+00 1.245164024910339e+00 -3.979773685367752e-01 2.157219475413568e+00 
296 1 2.213209076289658e+00 1.207981820404347e+00 -5.500485863565058e-01 2.445576558805968e+00 
296 2 2.321990948140915e+00 1.179442416910334e+00 -4.597624870540092e-01 2.549757025405873e+00 
296 3 2.120634190063825e+00 1.286382305862183e+00 -3.363017216490553e-01 2.352814627670542e+00 
297 1 2.321990948140915e+00 1.179442416910334e+00 -4.597624870540092e-01 2.549757025405873e+00 
297 2 2.213209076289658e+00 1.207981820404347e+00 -5.500485863565058e-01 2.445576558805968e+00 
297 3 2.290410166221570e+00 1.107166276906996e+00 -5.841884419714144e-01 2.510917226045749e+00 
298 1 2.459454907666619e+00 1.037602819470877e+00 -5.898823653468934e-01 2.672397653729536e+00 
298 2 2.321990948140915e+00 1.179442416910334e+00 -4.597624870540092e-01 2.549757025405873e+00 
298 3 2.290410166221570e+00 1.107166276906996e+00 -5.841884419714144e-01 2.510917226045749e+00 
299 1 2.557282734573064e+00 1.072922900372927e+00 -4.151493102993590e-01 2.769136712510712e+00 
299 2 2.321990948140915e+00 1.179442416910334e+00 -4.597624870540092e-01 2.549757025405873e+00 
299 3 2.459454907666619e+00 1.037602819470877e+00 -5.898823653468934e-01 2.672397653729536e+00 
300 1 2.390457527392963e+00 1.185678155642738e+00 -2.567885758022342e-01 2.606925926167700e+00 
300 2 2.557282734573064e+00 1.072922900372927e+00 -4.151493102993590e-01 2.769136712510712e+00 
300 3 2.530703370661569e+00 1.093348365508677e+00 -2.926944151918692e-01 2.736966054068561e+00 
301 1 2.321990948140915e+00 1.179442416910334e+00 -4.597624870540092e-01 2.549757025405873e+00 
301 2 2.557282734573064e+00 1.072922900372927e+00 -4.151493102993590e-01 2.769136712510712e+00 
301 3 2.390457527392963e+00 1.185678155642738e+00 -2.567885758022342e-01 2.606925926167700e+00 
302 1 2.662110091694525e+00 1.001879224073934e+00 -1.493589865245680e-03 2.864729789035573e+00 
302 2 2.541577397925498e+00 1.140602737232717e+00 3.118434785298401e-03 2.747307549233421e+00 
302 3 2.610634096395645e+00 1.111404120505585e+00 -1.253808346794371e-01 2.813169935298292e+00 
303 1 2.083185138231674e+00 1.315143852165250e+00 -2.833028258872891e-01 2.320681412158133e+00 
303 2 1.930829215280869e+00 1.245164024910339e+00 -3.979773685367752e-01 2.157219475413568e+00 
303 3 2.120634190063825e+00 1.286382305862183e+00 -3.363017216490553e-01 2.352814627670542e+00 
304 1 2.402287216929003e+00 1.178355530679096e+00 -1.370468763844256e-01 2.623246885080541e+00 
304 2 2.390457527392963e+00 1.185678155642738e+00 -2.567885758022342e-01 2.606925926167700e+00 
304 3 2.530703370661569e+00 1.093348365508677e+00 -2.926944151918692e-01 2.736966054068561e+00 
305 1 2.610634096395645e+00 1.111404120505585e+00 -1.253808346794371e-01 2.813169935298292e+00 
305 2 2.402287216929003e+00 1.178355530679096e+00 -1.370468763844256e-01 2.623246885080541e+00 
305 3 2.530703370661569e+00 1.093348365508677e+00 -2.926944151918692e-01 2.736966054068561e+00 
306 1 2.402287216929003e+00 1.178355530679096e+00 -1.370468763844256e-01 2.623246885080541e+00 
306 2 2.610634096395645e+00 1.111404120505585e+00 -1.253808346794371e-01 2.813169935298292e+00 
306 3 2.541577397925498e+00 1.140602737232717e+00 3.118434785298401e-03 2.747307549233421e+00 
307 1 2.390457527392963e+00 1.185678155642738e+00 -2.567885758022342e-01 2.606925926167700e+00 
307 2 2.402287216929003e+00 1.178355530679096e+00 -1.370468763844256e-01 2.623246885080541e+00 
307 3 2.314336682785846e+00 1.338078203597678e+00 -2.329109868002298e-01 2.552062946543260e+00 
308 1 2.120634190063825e+00 1.286382305862183e+00 -3.363017216490553e-01 2.352814627670542e+00 
308 2 2.235752689950468e+00 1.273854366688201e+00 -3.139320969923935e-01 2.463453045757028e+00 
308 3 2.083185138231674e+00 1.315143852165250e+00 -2.833028258872891e-01 2.320681412158133e+00 
309 1 2.235752689950468e+00 1.273854366688201e+00 -3.139320969923935e-01 2.463453045757028e+00 
309 2 2.120634190063825e+00 1.286382305862183e+00 -3.363017216490553e-01 2.352814627670542e+00 
309 3 2.321990948140915e+00 1.179442416910334e+00 -4.597624870540092e-01 2.549757025405873e+00 
310 1 2.390457527392963e+00 1.185678155642738e+00 -2.567885758022342e-01 2.606925926167700e+00 
310 2 2.235752689950468e+00 1.273854366688201e+00 -3.139320969923935e-01 2.463453045757028e+00 
310 3 2.321990948140915e+00 1.179442416910334e+00 -4.597624870540092e-01 2.549757025405873e+00 
311 1 2.235752689950468e+00 1.273854366688201e+00 -3.139320969923935e-01 2.463453045757028e+00 
311 2 2.390457527392963e+00 1.185678155642738e+00 -2.567885758022342e-01 2.606925926167700e+00 
311 3 2.314336682785846e+00 1.338078203597678e+00 -2.329109868002298e-01 2.552062946543260e+00 
312 1 2.541577397925498e+00 1.140602737232717e+00 3.118434785298401e-03 2.747307549233421e+00 
312 2 2.375902635711691e+00 1.256083713351271e+00 3.579879259827718e-03 2.601234268200240e+00 
312 3 2.402287216929003e+00 1.178355530679096e+00 -1.370468763844256e-01 2.623246885080541e+00 
313 1 1.914314598779157e+00 1.305934607268858e+00 -2.122358868266475e-01 2.146080607201238e+00 
313 2 2.083185138231674e+00 1.315143852165250e+00 -2.833028258872891e-01 2.320681412158133e+00 
313 3 2.235752689950468e+00 1.273854366688201e+00 -3.139320969923935e-01 2.463453045757028e+00 
314 1 2.402287216929003e+00 1.178355530679096e+00 -1.370468763844256e-01 2.623246885080541e+00 
314 2 2.254098003957177e+00 1.311247433025781e+00 -1.087253727031526e-01 2.477556209518777e+00 
314 3 2.314336682785846e+00 1.338078203597678e+00 -2.329109868002298e-01 2.552062946543260e+00 
315 1 2.254098003957177e+00 1.311247433025781e+00 -1.087253727031526e-01 2.477556209518777e+00 
315 2 2.402287216929003e+00 1.178355530679096e+00 -1.370468763844256e-01 2.623246885080541e+00 
315 3 2.375902635711691e+00 1.256083713351271e+00 3.579879259827718e-03 2.601234268200240e+00 
316 1 2.104292980378912e+00 1.262617017651493e+00 -9.874990553622906e-02 2.331699909455435e+00 
316 2 2.314336682785846e+00 1.338078203597678e+00 -2.329109868002298e-01 2.552062946543260e+00 
316 3 2.254098003957177e+00 1.311247433025781e+00 -1.087253727031526e-01 2.477556209518777e+00 
317 1 2.314336682785846e+00 1.338078203597678e+00 -2.329109868002298e-01 2.552062946543260e+00 
317 2 2.104292980378912e+00 1.262617017651493e+00 -9.874990553622906e-02 2.331699909455435e+00 
317 3 2.235752689950468e+00 1.273854366688201e+00 -3.139320969923935e-01 2.463453045757028e+00 
318 1 2.235752689950468e+00 1.273854366688201e+00 -3.139320969923935e-01 2.463453045757028e+00 
318 2 2.104292980378912e+00 1.262617017651493e+00 -9.874990553622906e-02 2.331699909455435e+00 
318 3 1.914314598779157e+00 1.305934607268858e+00 -2.122358868266475e-01 2.146080607201238e+00 
319 1 2.375902635711691e+00 1.256083713351271e+00 3.579879259827718e-03 2.601234268200240e+00 
319 2 2.188844869197380e+00 1.346225786636017e+00 1.710982318824271e-03 2.426408489229709e+00 
319 3 2.254098003957177e+00 1.311247433025781e+00 -1.087253727031526e-01 2.477556209518777e+00 
320 1 2.107691987708598e+00 1.425654115605299e+00 -1.398934402874665e-01 2.353921990197027e+00 
320 2 1.914314598779157e+00 1.305934607268858e+00 -2.122358868266475e-01 2.146080607201238e+00 
320 3 2.104292980378912e+00 1.262617017651493e+00 -9.874990553622906e-02 2.331699909455435e+00 
321 1 2.188844869197380e+00 1.346225786636017e+00 1.710982318824271e-03 2.426408489229709e+00 
321 2 2.129616352057728e+00 1.267991427319636e+00 -7.992299711319553e-02 2.356127596023944e+00 
321 3 2.254098003957177e+00 1.311247433025781e+00 -1.087253727031526e-01 2.477556209518777e+00 
322 1 2.104292980378912e+00 1.262617017651493e+00 -9.874990553622906e-02 2.331699909455435e+00 
322 2 2.129616352057728e+00 1.267991427319636e+00 -7.992299711319553e-02 2.356127596023944e+00 
322 3 2.107691987708598e+00 1.425654115605299e+00 -1.398934402874665e-01 2.353921990197027e+00 
323 1 2.104292980378912e+00 1.262617017651493e+00 -9.874990553622906e-02 2.331699909455435e+00 
323 2 2.254098003957177e+00 1.311247433025781e+00 -1.087253727031526e-01 2.477556209518777e+00 
323 3 2.129616352057728e+00 1.267991427319636e+00 -7.992299711319553e-02 2.356127596023944e+00 
324 1 1.906949586546590e+00 1.312181622016685e+00 4.992668314038586e-03 2.137371405547893e+00 
324 2 2.107691987708598e+00 1.425654115605299e+00 -1.398934402874665e-01 2.353921990197027e+00 
324 3 2.129616352057728e+00 1.267991427319636e+00 -7.992299711319553e-02 2.356127596023944e+00 
325 1 2.188844869197380e+00 1.346225786636017e+00 1.710982318824271e-03 2.426408489229709e+00 
325 2 1.906949586546590e+00 1.312181622016685e+00 4.992668314038586e-03 2.137371405547893e+00 
325 3 2.129616352057728e+00 1.267991427319636e+00 -7.992299711319553e-02 2.356127596023944e+00 
